Component 1
Covariance
0.187737 0.010840 0.060787 -0.172572 
0.010840 0.006409 0.007099 -0.231735 
0.060787 0.007099 0.196370 0.798638 
-0.172572 -0.231735 0.798638 32.877142 
Eigenvalues
0.003692 0.000000 0.000000 0.000000 
0.000000 0.116751 0.000000 0.000000 
0.000000 0.000000 0.248044 0.000000 
0.000000 0.000000 0.000000 32.899171 
Eigenvectors
0.030477 -0.997585 0.061852 -0.008375 
-0.681471 0.024690 0.731120 -0.021238 
0.731191 0.064541 0.679001 -0.012294 
-0.005231 -0.007039 0.024402 0.999664 
Mean
0.706971 0.453124 -0.318783 1.720545 

Component 2
Covariance
0.012875 0.000190 0.000436 0.017777 
0.000190 0.000504 -0.011063 -0.003137 
0.000436 -0.011063 1.817418 -0.570310 
0.017777 -0.003137 -0.570310 10.901382 
Eigenvalues
0.000429 0.000000 0.000000 0.000000 
0.000000 0.012848 0.000000 0.000000 
0.000000 0.000000 1.781825 0.000000 
0.000000 0.000000 0.000000 10.937076 
Eigenvectors
-0.016416 0.999845 0.006294 0.000644 
0.999864 0.016422 -0.000666 -0.001663 
0.000872 -0.006308 0.998030 0.062410 
0.001622 -0.000223 -0.062414 0.998049 
Mean
0.427517 0.324238 -0.162034 6.432878 

Component 3
Covariance
0.000806 0.000145 0.008141 -0.002233 
0.000145 0.001284 -0.002656 -0.006473 
0.008141 -0.002656 0.431055 0.412962 
-0.002233 -0.006473 0.412962 2.563436 
Eigenvalues
0.000561 0.000000 0.000000 0.000000 
0.000000 0.001305 0.000000 0.000000 
0.000000 0.000000 0.354080 0.000000 
0.000000 0.000000 0.000000 2.640635 
Eigenvectors
0.969246 -0.244913 -0.023725 0.004049 
-0.244938 -0.969533 0.001429 -0.002893 
0.023806 -0.004018 0.982692 -0.183668 
-0.000265 -0.002596 0.183716 0.982976 
Mean
0.249174 0.326350 -0.271878 9.209909 

Component 4
Covariance
0.016461 0.005294 0.000018 -0.000296 
0.005294 0.005195 -0.000002 -0.000814 
0.000018 -0.000002 0.000003 0.000115 
-0.000296 -0.000814 0.000115 0.015620 
Eigenvalues
0.000002 0.000000 0.000000 0.000000 
0.000000 0.003065 0.000000 0.000000 
0.000000 0.000000 0.015545 0.000000 
0.000000 0.000000 0.000000 0.018668 
Eigenvectors
-0.001490 0.000814 0.999971 -0.007368 
0.366021 -0.929175 0.000921 -0.051594 
-0.192765 -0.021471 -0.007498 -0.980981 
-0.910422 -0.369016 0.000321 0.186974 
Mean
0.343187 0.382661 0.000438 0.345672 

Component 5
Covariance
0.000502 0.000181 -0.000890 0.003377 
0.000181 0.000923 -0.000210 0.000306 
-0.000890 -0.000210 0.018826 0.002675 
0.003377 0.000306 0.002675 0.419232 
Eigenvalues
0.000377 0.000000 0.000000 0.000000 
0.000000 0.000972 0.000000 0.000000 
0.000000 0.000000 0.018856 0.000000 
0.000000 0.000000 0.000000 0.419278 
Eigenvectors
0.954243 -0.295708 0.043788 -0.007756 
-0.294767 -0.955199 -0.026400 0.003248 
0.049686 0.012290 -0.998670 0.006244 
0.008049 0.000733 0.006661 0.999945 
Mean
0.261115 0.306764 -0.085781 9.306303 

Component 6
Covariance
0.003639 0.000540 -0.000273 -0.037404 
0.000540 0.000632 0.000266 -0.026144 
-0.000273 0.000266 0.173378 -0.329461 
-0.037404 -0.026144 -0.329461 14.657672 
Eigenvalues
0.000511 0.000000 0.000000 0.000000 
0.000000 0.003609 0.000000 0.000000 
0.000000 0.000000 0.165896 0.000000 
0.000000 0.000000 0.000000 14.665304 
Eigenvectors
0.153844 -0.988094 -0.000887 -0.001390 
-0.988068 -0.153829 -0.007082 -0.002956 
-0.006921 -0.002007 0.999716 0.022706 
-0.002550 -0.001783 -0.022728 0.999737 
Mean
0.330341 0.326322 -0.056877 4.382499 

Component 7
Covariance
0.000080 -0.000047 -0.001505 -0.004938 
-0.000047 0.000292 0.004306 0.045119 
-0.001505 0.004306 0.192981 1.031608 
-0.004938 0.045119 1.031608 21.593492 
Eigenvalues
0.000065 0.000000 0.000000 0.000000 
0.000000 0.000169 0.000000 0.000000 
0.000000 0.000000 0.143411 0.000000 
0.000000 0.000000 0.000000 21.643202 
Eigenvectors
0.985204 0.171276 0.006143 -0.000426 
0.171159 -0.985108 0.016271 0.001320 
-0.008838 0.014896 0.998694 -0.048064 
-0.000231 0.002092 0.048038 0.998843 
Mean
0.225314 0.270318 -2.491746 11.434661 

Component 8
Covariance
0.025889 0.013986 0.000010 0.000866 
0.013986 0.012905 0.000008 0.000482 
0.000010 0.000008 0.000000 0.000006 
0.000866 0.000482 0.000006 0.004499 
Eigenvalues
0.000000 0.000000 0.000000 0.000000 
0.000000 0.003970 0.000000 0.000000 
0.000000 0.000000 0.004474 0.000000 
0.000000 0.000000 0.000000 0.034848 
Eigenvectors
0.000057 0.000515 -0.999999 0.001276 
0.537447 -0.834908 -0.000551 -0.118656 
-0.036598 0.117481 -0.001208 -0.992400 
0.842503 0.537706 0.000367 0.032583 
Mean
0.342346 0.383195 -0.000260 0.367639 

Component 9
Covariance
0.000074 -0.000062 -0.003768 0.007825 
-0.000062 0.000453 0.037508 0.055798 
-0.003768 0.037508 4.586122 5.325884 
0.007825 0.055798 5.325884 50.690194 
Eigenvalues
0.000054 0.000000 0.000000 0.000000 
0.000000 0.000156 0.000000 0.000000 
0.000000 0.000000 3.979127 0.000000 
0.000000 0.000000 0.000000 51.297506 
Eigenvectors
-0.932786 -0.360426 0.001769 0.000355 
0.360429 -0.932755 0.007742 0.000158 
-0.001164 0.007778 0.993531 -0.113289 
0.000143 0.001164 0.113284 0.993562 
Mean
0.215215 0.282456 0.908098 -8.493723 

Component 10
Covariance
0.000893 0.000248 -0.016347 -0.085001 
0.000248 0.000884 -0.004280 -0.026142 
-0.016347 -0.004280 2.694991 5.417128 
-0.085001 -0.026142 5.417128 44.898131 
Eigenvalues
0.000581 0.000000 0.000000 0.000000 
0.000000 0.001001 0.000000 0.000000 
0.000000 0.000000 2.010767 0.000000 
0.000000 0.000000 0.000000 45.582551 
Eigenvectors
0.827004 -0.562192 0.002158 0.000978 
-0.562187 -0.827007 -0.002135 -0.001288 
-0.002769 -0.000483 0.992112 -0.125320 
-0.001895 -0.000581 0.125315 0.992115 
Mean
0.260596 0.309130 0.977302 8.538062 

