Component 1
Covariance
0.000792 0.000136 0.007883 -0.001254 
0.000136 0.001288 -0.002663 -0.006200 
0.007883 -0.002663 0.428129 0.434953 
-0.001254 -0.006200 0.434953 2.507351 
Eigenvalues
0.000564 0.000000 0.000000 0.000000 
0.000000 0.001307 0.000000 0.000000 
0.000000 0.000000 0.341001 0.000000 
0.000000 0.000000 0.000000 2.594688 
Eigenvectors
-0.971764 0.234758 0.023416 -0.003969 
-0.234790 -0.972042 0.001022 -0.002700 
0.023435 -0.004083 0.980157 -0.196791 
0.000124 -0.002546 0.196833 0.980434 
Mean
0.248634 0.326198 -0.287100 9.240106 

Component 2
Covariance
0.000074 -0.000062 -0.003784 0.007448 
-0.000062 0.000454 0.037604 0.056074 
-0.003784 0.037604 4.595818 5.317729 
0.007448 0.056074 5.317729 49.677792 
Eigenvalues
0.000054 0.000000 0.000000 0.000000 
0.000000 0.000156 0.000000 0.000000 
0.000000 0.000000 3.977293 0.000000 
0.000000 0.000000 0.000000 50.296634 
Eigenvectors
-0.932195 -0.361953 0.001780 0.000358 
0.361956 -0.932163 0.007728 0.000171 
-0.001162 0.007762 0.993266 -0.115586 
0.000138 0.001194 0.115581 0.993297 
Mean
0.215182 0.282472 0.907760 -8.584201 

Component 3
Covariance
0.017232 0.006244 0.000009 0.000710 
0.006244 0.005735 0.000001 0.000140 
0.000009 0.000001 0.000001 0.000016 
0.000710 0.000140 0.000016 0.006239 
Eigenvalues
0.000001 0.000000 0.000000 0.000000 
0.000000 0.002989 0.000000 0.000000 
0.000000 0.000000 0.006210 0.000000 
0.000000 0.000000 0.000000 0.020007 
Eigenvectors
0.000612 -0.000501 -0.999997 0.002477 
0.403059 -0.913870 0.000583 -0.048834 
0.027278 0.065332 -0.002487 -0.997488 
0.914767 0.400716 0.000486 0.051261 
Mean
0.336332 0.378322 -0.000118 0.362232 

Component 4
Covariance
0.013124 0.000242 0.000258 0.018135 
0.000242 0.000494 -0.010949 -0.003921 
0.000258 -0.010949 1.798191 -0.585835 
0.018135 -0.003921 -0.585835 10.896449 
Eigenvalues
0.000417 0.000000 0.000000 0.000000 
0.000000 0.013098 0.000000 0.000000 
0.000000 0.000000 1.760696 0.000000 
0.000000 0.000000 0.000000 10.934046 
Eigenvectors
-0.020237 0.999775 0.006331 0.000734 
0.999794 0.020242 -0.000575 -0.001690 
0.000810 -0.006350 0.997930 0.063989 
0.001656 -0.000294 -0.063993 0.997949 
Mean
0.427717 0.324089 -0.166481 6.428707 

Component 5
Covariance
0.000887 0.000241 -0.016369 -0.084955 
0.000241 0.000869 -0.004464 -0.027067 
-0.016369 -0.004464 2.708861 5.423781 
-0.084955 -0.027067 5.423781 44.767781 
Eigenvalues
0.000581 0.000000 0.000000 0.000000 
0.000000 0.000979 0.000000 0.000000 
0.000000 0.000000 2.020703 0.000000 
0.000000 0.000000 0.000000 45.456135 
Eigenvectors
0.825409 -0.564531 0.002119 0.000968 
-0.564526 -0.825412 -0.002149 -0.001310 
-0.002745 -0.000506 0.992042 -0.125877 
-0.001899 -0.000603 0.125872 0.992045 
Mean
0.260503 0.309286 0.986917 8.588651 

Component 6
Covariance
0.000501 0.000180 -0.000894 0.003360 
0.000180 0.000921 -0.000206 0.000236 
-0.000894 -0.000206 0.018917 0.002575 
0.003360 0.000236 0.002575 0.419996 
Eigenvalues
0.000377 0.000000 0.000000 0.000000 
0.000000 0.000970 0.000000 0.000000 
0.000000 0.000000 0.018948 0.000000 
0.000000 0.000000 0.000000 0.420039 
Eigenvectors
0.954080 -0.296229 0.043816 -0.007742 
-0.295305 -0.955042 -0.026093 0.003066 
0.049626 0.011960 -0.998678 0.005989 
0.007995 0.000563 0.006401 0.999947 
Mean
0.261164 0.306795 -0.085990 9.304838 

Component 7
Covariance
0.246755 0.115439 0.063874 0.971935 
0.115439 0.193097 0.043572 0.240053 
0.063874 0.043572 0.081661 0.457841 
0.971935 0.240053 0.457841 10.890053 
Eigenvalues
0.053956 0.000000 0.000000 0.000000 
0.000000 0.079456 0.000000 0.000000 
0.000000 0.000000 0.274710 0.000000 
0.000000 0.000000 0.000000 11.003446 
Eigenvectors
-0.015825 0.252599 -0.966746 0.036670 
0.769248 -0.612763 -0.174526 -0.048162 
0.632328 0.748449 0.182074 -0.082674 
0.090381 0.023225 0.042321 0.994737 
Mean
1.074543 0.764498 -0.153124 -0.880794 

Component 8
Covariance
0.000080 -0.000047 -0.001506 -0.004919 
-0.000047 0.000292 0.004311 0.045126 
-0.001506 0.004311 0.193408 1.030457 
-0.004919 0.045126 1.030457 21.634871 
Eigenvalues
0.000065 0.000000 0.000000 0.000000 
0.000000 0.000168 0.000000 0.000000 
0.000000 0.000000 0.144042 0.000000 
0.000000 0.000000 0.000000 21.684376 
Eigenvectors
0.985115 0.171790 0.006113 -0.000425 
0.171673 -0.985019 0.016283 0.001318 
-0.008818 0.014908 0.998701 -0.047920 
-0.000230 0.002088 0.047894 0.998850 
Mean
0.225312 0.270320 -2.491178 11.430473 

Component 9
Covariance
0.003742 0.000586 -0.000461 -0.038852 
0.000586 0.000705 0.000050 -0.025275 
-0.000461 0.000050 0.173679 -0.296441 
-0.038852 -0.025275 -0.296441 14.828147 
Eigenvalues
0.000573 0.000000 0.000000 0.000000 
0.000000 0.003718 0.000000 0.000000 
0.000000 0.000000 0.167695 0.000000 
0.000000 0.000000 0.000000 14.834285 
Eigenvectors
0.166583 -0.986026 -0.001450 -0.001273 
-0.985995 -0.166562 -0.007900 -0.003026 
-0.007603 -0.002781 0.999763 0.020191 
-0.002619 -0.001704 -0.020216 0.999791 
Mean
0.330405 0.327031 -0.054000 4.357528 

