Component 1
Covariance
0.000832 0.000082 0.001602 -0.060795 
0.000082 0.001148 -0.013245 -0.019975 
0.001602 -0.013245 1.887813 2.936280 
-0.060795 -0.019975 2.936280 33.331450 
Eigenvalues
0.000669 0.000000 0.000000 0.000000 
0.000000 0.001078 0.000000 0.000000 
0.000000 0.000000 1.616078 0.000000 
0.000000 0.000000 0.000000 33.603418 
Eigenvectors
0.971339 -0.237617 -0.005826 0.002143 
0.237650 0.971333 0.005837 0.000501 
0.004457 -0.007026 0.995708 -0.092181 
-0.001797 -0.000628 0.092187 0.995740 
Mean
0.259765 0.319452 0.545656 7.934835 

Component 2
Covariance
0.000510 0.000156 -0.000828 0.002524 
0.000156 0.000958 -0.000370 -0.000406 
-0.000828 -0.000370 0.024121 0.007485 
0.002524 -0.000406 0.007485 0.467740 
Eigenvalues
0.000425 0.000000 0.000000 0.000000 
0.000000 0.000992 0.000000 0.000000 
0.000000 0.000000 0.024033 0.000000 
0.000000 0.000000 0.000000 0.467880 
Eigenvectors
0.964029 -0.263866 0.031425 -0.005940 
0.263148 0.964427 0.025162 -0.000988 
-0.037041 -0.015976 0.999047 -0.016657 
0.005370 -0.000881 0.016855 0.999843 
Mean
0.260745 0.309201 -0.093915 9.310559 

Component 3
Covariance
0.030485 0.014606 0.000010 0.000991 
0.014606 0.013004 0.000008 0.000496 
0.000010 0.000008 0.000000 0.000006 
0.000991 0.000496 0.000006 0.004466 
Eigenvalues
0.000000 0.000000 0.000000 0.000000 
0.000000 0.004419 0.000000 0.000000 
0.000000 0.000000 0.004734 0.000000 
0.000000 0.000000 0.000000 0.038802 
Eigenvectors
0.000030 0.000542 -0.999999 0.001286 
0.118575 -0.144950 -0.001338 -0.982307 
0.479513 -0.857925 -0.000213 0.184479 
0.869487 0.492904 0.000335 0.032223 
Mean
0.346176 0.383754 -0.000259 0.367895 

Component 4
Covariance
0.000095 -0.000063 -0.002375 -0.000121 
-0.000063 0.000303 0.005383 0.038491 
-0.002375 0.005383 0.254504 0.667747 
-0.000121 0.038491 0.667747 23.755361 
Eigenvalues
0.000067 0.000000 0.000000 0.000000 
0.000000 0.000166 0.000000 0.000000 
0.000000 0.000000 0.235648 0.000000 
0.000000 0.000000 0.000000 23.774381 
Eigenvectors
0.980181 0.198007 0.006252 -0.000492 
0.197850 -0.980030 0.019887 0.001030 
-0.010068 0.018217 0.999380 -0.028403 
-0.000008 0.001625 0.028380 0.999596 
Mean
0.224156 0.271726 -2.407059 10.959609 

Component 5
Covariance
0.019373 0.000175 0.014241 -0.029900 
0.000175 0.000472 -0.009776 -0.004218 
0.014241 -0.009776 1.780758 -0.355477 
-0.029900 -0.004218 -0.355477 8.920127 
Eigenvalues
0.000411 0.000000 0.000000 0.000000 
0.000000 0.019178 0.000000 0.000000 
0.000000 0.000000 1.763251 0.000000 
0.000000 0.000000 0.000000 8.937889 
Eigenvectors
0.012469 -0.999906 -0.005722 -0.000659 
-0.999890 -0.012509 0.007395 -0.003069 
0.007304 -0.005657 0.998725 0.049633 
-0.003428 -0.000417 -0.049612 0.998763 
Mean
0.425861 0.323798 -0.274888 7.028203 

Component 6
Covariance
0.004739 0.001102 0.001189 -0.081039 
0.001102 0.000949 0.000179 -0.039594 
0.001189 0.000179 0.200387 -0.317675 
-0.081039 -0.039594 -0.317675 16.171351 
Eigenvalues
0.000630 0.000000 0.000000 0.000000 
0.000000 0.004552 0.000000 0.000000 
0.000000 0.000000 0.194074 0.000000 
0.000000 0.000000 0.000000 16.178170 
Eigenvectors
0.236796 -0.971555 -0.002512 -0.001241 
-0.971544 -0.236778 -0.002817 -0.005505 
-0.002242 -0.003157 0.999795 0.019860 
-0.005011 -0.002448 -0.019878 0.999787 
Mean
0.328857 0.325567 -0.074235 4.715332 

Component 7
Covariance
0.016111 0.005316 0.000019 -0.000297 
0.005316 0.005168 -0.000002 -0.000792 
0.000019 -0.000002 0.000003 0.000113 
-0.000297 -0.000792 0.000113 0.015517 
Eigenvalues
0.000002 0.000000 0.000000 0.000000 
0.000000 0.002980 0.000000 0.000000 
0.000000 0.000000 0.015433 0.000000 
0.000000 0.000000 0.000000 0.018384 
Eigenvectors
-0.001665 0.000985 0.999972 -0.007295 
0.373835 -0.926166 0.001173 -0.049628 
-0.201701 -0.028965 -0.007449 -0.978990 
-0.905296 -0.376001 0.000305 0.197640 
Mean
0.340650 0.382198 0.000427 0.345518 

Component 8
Covariance
0.000077 -0.000032 -0.001135 0.024323 
-0.000032 0.000495 0.043027 0.149580 
-0.001135 0.043027 5.389499 18.775675 
0.024323 0.149580 18.775675 169.421028 
Eigenvalues
0.000063 0.000000 0.000000 0.000000 
0.000000 0.000158 0.000000 0.000000 
0.000000 0.000000 3.268018 0.000000 
0.000000 0.000000 0.000000 171.542861 
Eigenvectors
0.967296 0.253649 -0.000908 -0.000262 
-0.253648 0.967263 -0.008026 0.000072 
-0.001181 0.007944 0.993643 -0.112291 
0.000140 0.000895 0.112288 0.993675 
Mean
0.216543 0.288521 1.800294 -0.824811 

