Component 1
Covariance
0.000506 0.000160 -0.000795 0.002650 
0.000160 0.000980 -0.000367 -0.000076 
-0.000795 -0.000367 0.024140 0.008141 
0.002650 -0.000076 0.008141 0.479935 
Eigenvalues
0.000422 0.000000 0.000000 0.000000 
0.000000 0.001013 0.000000 0.000000 
0.000000 0.000000 0.024031 0.000000 
0.000000 0.000000 0.000000 0.480095 
Eigenvectors
-0.965480 0.258632 -0.030393 0.005893 
-0.257938 -0.965842 -0.024795 0.001696 
-0.035871 -0.016099 0.999071 -0.017634 
0.005496 -0.000169 0.017842 0.999826 
Mean
0.260349 0.308965 -0.092509 9.306707 

Component 2
Covariance
0.003914 0.000504 0.001694 -0.070798 
0.000504 0.000630 0.000263 -0.030886 
0.001694 0.000263 0.189840 -0.356427 
-0.070798 -0.030886 -0.356427 15.491223 
Eigenvalues
0.000524 0.000000 0.000000 0.000000 
0.000000 0.003633 0.000000 0.000000 
0.000000 0.000000 0.181543 0.000000 
0.000000 0.000000 0.000000 15.499906 
Eigenvectors
0.117608 -0.993056 -0.002496 -0.001500 
-0.993050 -0.117600 0.000066 -0.004773 
0.000253 -0.002518 0.999726 0.023271 
-0.004570 -0.001993 -0.023275 0.999717 
Mean
0.326655 0.325856 -0.069645 4.646585 

Component 3
Covariance
0.015546 -0.000951 0.015293 -0.053094 
-0.000951 0.000946 -0.008363 0.000674 
0.015293 -0.008363 1.568882 -0.177240 
-0.053094 0.000674 -0.177240 8.865279 
Eigenvalues
0.000848 0.000000 0.000000 0.000000 
0.000000 0.015150 0.000000 0.000000 
0.000000 0.000000 1.564750 0.000000 
0.000000 0.000000 0.000000 8.869905 
Eigenvectors
-0.061023 -0.998125 -0.004772 -0.000385 
-0.998077 0.060977 0.009490 -0.005802 
0.009037 -0.005341 0.999649 0.024335 
-0.006036 0.000100 -0.024281 0.999687 
Mean
0.394161 0.335924 -0.265983 7.233099 

Component 4
Covariance
0.248264 0.116661 0.064641 0.969223 
0.116661 0.192267 0.044220 0.241473 
0.064641 0.044220 0.082226 0.461426 
0.969223 0.241473 0.461426 10.846916 
Eigenvalues
0.053837 0.000000 0.000000 0.000000 
0.000000 0.079075 0.000000 0.000000 
0.000000 0.000000 0.276091 0.000000 
0.000000 0.000000 0.000000 10.960670 
Eigenvectors
-0.024252 0.262896 -0.963790 0.037500 
0.764761 -0.614289 -0.188633 -0.046978 
0.637464 0.743629 0.183554 -0.083447 
0.090511 0.023462 0.042825 0.994698 
Mean
1.066614 0.759709 -0.156241 -0.896369 

Component 5
Covariance
0.000101 -0.000069 -0.008077 0.037039 
-0.000069 0.000391 0.023373 0.009463 
-0.008077 0.023373 3.843066 -9.405938 
0.037039 0.009463 -9.405938 113.528353 
Eigenvalues
0.000072 0.000000 0.000000 0.000000 
0.000000 0.000208 0.000000 0.000000 
0.000000 0.000000 3.042515 0.000000 
0.000000 0.000000 0.000000 114.329116 
Eigenvectors
0.968514 0.248960 -0.000380 -0.000368 
0.248955 -0.968481 0.008044 0.000666 
-0.001613 0.007919 0.996363 0.084823 
0.000329 0.000065 -0.084826 0.996396 
Mean
0.220587 0.278231 -0.861607 4.456541 

Component 6
Covariance
0.017230 0.006244 0.000009 0.000704 
0.006244 0.005735 0.000001 0.000138 
0.000009 0.000001 0.000001 0.000016 
0.000704 0.000138 0.000016 0.006238 
Eigenvalues
0.000001 0.000000 0.000000 0.000000 
0.000000 0.002988 0.000000 0.000000 
0.000000 0.000000 0.006210 0.000000 
0.000000 0.000000 0.000000 0.020004 
Eigenvectors
0.000606 -0.000498 -0.999997 0.002481 
0.403058 -0.913884 0.000579 -0.048573 
0.026932 0.064894 -0.002491 -0.997526 
0.914778 0.400754 0.000481 0.050768 
Mean
0.336337 0.378319 -0.000116 0.362271 

Component 7
Covariance
0.000799 0.000116 -0.012729 -0.076579 
0.000116 0.000842 -0.006296 -0.015452 
-0.012729 -0.006296 2.607154 5.046043 
-0.076579 -0.015452 5.046043 41.017971 
Eigenvalues
0.000620 0.000000 0.000000 0.000000 
0.000000 0.000857 0.000000 0.000000 
0.000000 0.000000 1.955328 0.000000 
0.000000 0.000000 0.000000 41.669960 
Eigenvectors
-0.933311 0.359066 -0.000760 -0.001514 
-0.359062 -0.933310 -0.002664 -0.000694 
-0.001439 -0.002182 0.991756 -0.128117 
-0.001862 -0.000387 0.128114 0.991758 
Mean
0.260337 0.309718 0.892358 8.252596 

