Component 1
Covariance
0.003918 0.000434 0.001548 -0.048350 
0.000434 0.000551 0.000277 -0.025647 
0.001548 0.000277 0.192138 -0.377019 
-0.048350 -0.025647 -0.377019 15.049234 
Eigenvalues
0.000469 0.000000 0.000000 0.000000 
0.000000 0.003799 0.000000 0.000000 
0.000000 0.000000 0.182578 0.000000 
0.000000 0.000000 0.000000 15.058994 
Eigenvectors
0.106409 -0.994319 -0.002190 -0.001408 
-0.994316 -0.106407 0.001651 -0.003335 
0.001794 -0.002046 0.999675 0.025354 
-0.003213 -0.001703 -0.025352 0.999672 
Mean
0.332671 0.326023 -0.078555 4.643861 

Component 2
Covariance
0.082763 -0.008558 0.000572 -0.110192 
-0.008558 0.244945 0.005623 -0.807195 
0.000572 0.005623 0.000246 -0.035963 
-0.110192 -0.807195 -0.035963 5.262357 
Eigenvalues
0.000000 0.000000 0.000000 0.000000 
0.000000 0.067699 0.000000 0.000000 
0.000000 0.000000 0.131168 0.000000 
0.000000 0.000000 0.000000 5.391444 
Eigenvectors
-0.002113 0.000438 -0.999974 -0.006811 
0.892544 0.442353 -0.002290 0.087654 
-0.450500 0.883365 0.000458 0.129292 
-0.020253 -0.154888 -0.006752 0.987701 
Mean
1.512834 1.033024 -0.007202 1.532347 

Component 3
Covariance
0.000837 0.000051 0.002057 -0.053353 
0.000051 0.001126 -0.011036 -0.010364 
0.002057 -0.011036 1.893857 2.770853 
-0.053353 -0.010364 2.770853 31.195742 
Eigenvalues
0.000702 0.000000 0.000000 0.000000 
0.000000 0.001076 0.000000 0.000000 
0.000000 0.000000 1.634233 0.000000 
0.000000 0.000000 0.000000 31.455551 
Eigenvectors
0.978934 -0.204098 -0.005293 0.002077 
0.204125 0.978931 0.005171 0.000215 
0.004301 -0.006136 0.995608 -0.093315 
-0.001683 -0.000361 0.093322 0.995634 
Mean
0.260773 0.316933 0.499240 7.774751 

Component 4
Covariance
0.000513 0.000162 -0.000817 0.002721 
0.000162 0.000970 -0.000365 -0.000112 
-0.000817 -0.000365 0.024211 0.007377 
0.002721 -0.000112 0.007377 0.482149 
Eigenvalues
0.000425 0.000000 0.000000 0.000000 
0.000000 0.001005 0.000000 0.000000 
0.000000 0.000000 0.024129 0.000000 
0.000000 0.000000 0.000000 0.482283 
Eigenvectors
0.963081 -0.267375 0.030816 -0.005974 
0.266668 0.963461 0.025072 -0.001669 
-0.036488 -0.015927 0.999081 -0.015878 
0.005620 -0.000242 0.016092 0.999855 
Mean
0.260463 0.308838 -0.093111 9.306222 

Component 5
Covariance
0.016818 0.001066 0.015730 -0.070091 
0.001066 0.001878 -0.007485 -0.067457 
0.015730 -0.007485 1.847737 -0.365182 
-0.070091 -0.067457 -0.365182 14.363873 
Eigenvalues
0.001471 0.000000 0.000000 0.000000 
0.000000 0.016412 0.000000 0.000000 
0.000000 0.000000 1.837243 0.000000 
0.000000 0.000000 0.000000 14.375180 
Eigenvectors
-0.054071 0.998512 0.005412 0.004564 
0.998497 0.054087 -0.007370 0.004945 
0.007511 -0.005144 0.999533 0.029153 
-0.004912 -0.004676 -0.029141 0.999552 
Mean
0.432018 0.336104 -0.281384 6.406546 

Component 6
Covariance
0.000096 -0.000062 -0.008109 0.031661 
-0.000062 0.000454 0.037155 0.045301 
-0.008109 0.037155 6.166895 -1.573684 
0.031661 0.045301 -1.573684 119.706246 
Eigenvalues
0.000072 0.000000 0.000000 0.000000 
0.000000 0.000211 0.000000 0.000000 
0.000000 0.000000 6.145329 0.000000 
0.000000 0.000000 0.000000 119.728079 
Eigenvectors
0.979861 0.199679 -0.000000 -0.000335 
0.199675 -0.979842 0.006268 0.000400 
-0.001248 0.006148 0.999884 0.013854 
0.000265 0.000374 -0.013856 0.999904 
Mean
0.220765 0.280939 -0.188468 5.917670 

Component 7
Covariance
0.017228 0.006245 0.000009 0.000704 
0.006245 0.005735 0.000001 0.000139 
0.000009 0.000001 0.000001 0.000016 
0.000704 0.000139 0.000016 0.006234 
Eigenvalues
0.000001 0.000000 0.000000 0.000000 
0.000000 0.002988 0.000000 0.000000 
0.000000 0.000000 0.006206 0.000000 
0.000000 0.000000 0.000000 0.020004 
Eigenvectors
0.000599 -0.000486 -0.999997 0.002472 
0.403162 -0.913850 0.000566 -0.048362 
0.027063 0.064728 -0.002481 -0.997533 
0.914728 0.400860 0.000479 0.050826 
Mean
0.336328 0.378321 -0.000116 0.362296 

