Component 1
Covariance
0.344676 0.091472 0.013698 -0.127537 
0.091472 0.187027 0.002147 -0.093780 
0.013698 0.002147 0.219840 -0.063474 
-0.127537 -0.093780 -0.063474 0.600199 
Eigenvalues
0.141170 0.000000 0.000000 0.000000 
0.000000 0.209837 0.000000 0.000000 
0.000000 0.000000 0.309381 0.000000 
0.000000 0.000000 0.000000 0.691353 
Eigenvectors
0.355418 -0.920533 -0.122501 -0.106256 
0.136553 -0.096952 0.969497 0.178966 
0.837938 0.296524 -0.167122 0.426618 
-0.391013 -0.235144 -0.130916 0.880158 
Mean
0.164601 -0.061517 -0.067203 -0.165725 

Component 2
Covariance
1.276797 0.034878 0.131958 -0.045990 
0.034878 0.131685 -0.156906 -0.018427 
0.131958 -0.156906 1.940634 -0.087273 
-0.045990 -0.018427 -0.087273 0.352129 
Eigenvalues
0.113813 0.000000 0.000000 0.000000 
0.000000 0.348372 0.000000 0.000000 
0.000000 0.000000 1.256089 0.000000 
0.000000 0.000000 0.000000 1.982970 
Eigenvectors
-0.036090 0.989661 0.092551 0.103451 
0.047443 -0.105757 0.040043 0.992452 
0.981376 0.056193 -0.180586 -0.033640 
0.182612 -0.078919 0.978376 -0.056615 
Mean
1.041539 -0.092927 -0.272587 0.260129 

Component 3
Covariance
0.045592 0.024906 -0.008206 0.004887 
0.024906 0.258937 -0.006429 -0.000540 
-0.008206 -0.006429 0.027420 0.001555 
0.004887 -0.000540 0.001555 0.017635 
Eigenvalues
0.015827 0.000000 0.000000 0.000000 
0.000000 0.025464 0.000000 0.000000 
0.000000 0.000000 0.046258 0.000000 
0.000000 0.000000 0.000000 0.262035 
Eigenvectors
-0.247957 0.019827 -0.288585 0.924577 
-0.283351 0.004869 -0.891175 -0.354254 
-0.919188 0.117826 0.348641 -0.140218 
-0.115428 -0.992824 0.031242 0.000086 
Mean
-0.452286 -0.343732 -0.097263 0.725942 

Component 4
Covariance
0.074486 0.011298 -0.071307 -0.131529 
0.011298 0.314539 -0.257670 -0.055946 
-0.071307 -0.257670 3.004064 0.975705 
-0.131529 -0.055946 0.975705 1.387144 
Eigenvalues
0.060857 0.000000 0.000000 0.000000 
0.000000 0.288701 0.000000 0.000000 
0.000000 0.000000 0.942813 0.000000 
0.000000 0.000000 0.000000 3.487861 
Eigenvectors
0.993415 -0.035491 -0.014816 0.107920 
0.041731 0.992072 0.110580 -0.042699 
0.100650 -0.089461 0.417645 -0.898576 
-0.035412 -0.080807 0.901735 0.423191 
Mean
-0.476513 -0.202604 0.840612 0.551796 

Component 5
Covariance
23.479748 19.129049 0.364129 0.305728 
19.129049 48.866308 0.490557 -0.464170 
0.364129 0.490557 0.094054 0.148612 
0.305728 -0.464170 0.148612 0.793169 
Eigenvalues
0.056718 0.000000 0.000000 0.000000 
0.000000 0.803243 0.000000 0.000000 
0.000000 0.000000 13.235569 0.000000 
0.000000 0.000000 0.000000 59.137749 
Eigenvectors
-0.004379 -0.010048 0.979297 -0.202132 
-0.034128 0.020971 0.202042 0.978557 
0.880523 -0.472313 0.007212 0.039342 
-0.472753 -0.881124 -0.010225 0.004507 
Mean
6.650853 6.511361 -0.121722 -1.007957 

Component 6
Covariance
1.557782 0.968241 0.000093 0.001301 
0.968241 1.525787 0.000022 0.000437 
0.000093 0.000022 0.000001 0.000003 
0.001301 0.000437 0.000003 0.000234 
Eigenvalues
0.000001 0.000000 0.000000 0.000000 
0.000000 0.000232 0.000000 0.000000 
0.000000 0.000000 0.573412 0.000000 
0.000000 0.000000 0.000000 2.510158 
Eigenvectors
0.000069 -0.000033 -0.999905 0.013795 
-0.001087 0.000404 0.013795 0.999904 
0.701241 -0.712924 0.000086 0.001049 
0.712923 0.701242 0.000033 0.000492 
Mean
0.268918 0.789374 0.002189 -1.005215 

Component 7
Covariance
0.009010 -0.010531 -0.082237 0.070163 
-0.010531 0.104206 0.430945 0.028374 
-0.082237 0.430945 4.664216 -1.930976 
0.070163 0.028374 -1.930976 4.280834 
Eigenvalues
0.006617 0.000000 0.000000 0.000000 
0.000000 0.051766 0.000000 0.000000 
0.000000 0.000000 2.570734 0.000000 
0.000000 0.000000 0.000000 6.429150 
Eigenvectors
0.993668 0.111074 0.000245 -0.016938 
0.111074 -0.984937 0.118686 0.058957 
-0.001338 0.123662 0.658894 0.742000 
0.016889 -0.047644 -0.742813 0.667587 
Mean
-0.829785 -0.843609 -0.869033 -0.217623 

