Component 1
Covariance
0.000839 0.000112 0.004561 -0.054753 
0.000112 0.001195 -0.010811 -0.017597 
0.004561 -0.010811 1.909220 2.650955 
-0.054753 -0.017597 2.650955 31.895852 
Eigenvalues
0.000659 0.000000 0.000000 0.000000 
0.000000 0.001171 0.000000 0.000000 
0.000000 0.000000 1.676769 0.000000 
0.000000 0.000000 0.000000 32.128507 
Eigenvectors
-0.963396 0.267993 0.006684 -0.002061 
-0.268021 -0.963405 -0.003889 -0.000668 
0.005565 -0.005509 0.996144 -0.087379 
-0.001685 -0.000575 0.087388 0.996173 
Mean
0.257518 0.316860 0.497669 7.999515 

Component 2
Covariance
0.017232 0.006243 0.000009 0.000709 
0.006243 0.005734 0.000001 0.000139 
0.000009 0.000001 0.000001 0.000016 
0.000709 0.000139 0.000016 0.006241 
Eigenvalues
0.000001 0.000000 0.000000 0.000000 
0.000000 0.002989 0.000000 0.000000 
0.000000 0.000000 0.006212 0.000000 
0.000000 0.000000 0.000000 0.020006 
Eigenvectors
0.000611 -0.000503 -0.999997 0.002492 
0.403010 -0.913891 0.000585 -0.048848 
0.027188 0.065304 -0.002502 -0.997492 
0.914791 0.400673 0.000485 0.051164 
Mean
0.336313 0.378313 -0.000117 0.362240 

Component 3
Covariance
0.003794 0.000603 0.001705 -0.063567 
0.000603 0.000710 0.000388 -0.027871 
0.001705 0.000388 0.189457 -0.326443 
-0.063567 -0.027871 -0.326443 15.757469 
Eigenvalues
0.000579 0.000000 0.000000 0.000000 
0.000000 0.003618 0.000000 0.000000 
0.000000 0.000000 0.182616 0.000000 
0.000000 0.000000 0.000000 15.764617 
Eigenvectors
0.163565 -0.986531 -0.001372 -0.001114 
-0.986522 -0.163562 0.001963 -0.004229 
0.002077 -0.001070 0.999778 0.020962 
-0.004035 -0.001768 -0.020955 0.999771 
Mean
0.327740 0.326480 -0.074043 4.660571 

Component 4
Covariance
0.246640 0.115369 0.063932 0.969631 
0.115369 0.193136 0.043675 0.238538 
0.063932 0.043675 0.081731 0.457658 
0.969631 0.238538 0.457658 10.871801 
Eigenvalues
0.053937 0.000000 0.000000 0.000000 
0.000000 0.079512 0.000000 0.000000 
0.000000 0.000000 0.274972 0.000000 
0.000000 0.000000 0.000000 10.984886 
Eigenvectors
-0.015903 0.253502 -0.966507 0.036724 
0.769209 -0.612630 -0.175170 -0.048140 
0.632381 0.748256 0.182714 -0.082599 
0.090323 0.023125 0.042376 0.994742 
Mean
1.074909 0.764680 -0.153244 -0.876156 

Component 5
Covariance
0.000083 -0.000043 -0.001333 -0.005030 
-0.000043 0.000283 0.002586 0.038560 
-0.001333 0.002586 0.076127 0.403586 
-0.005030 0.038560 0.403586 17.726670 
Eigenvalues
0.000059 0.000000 0.000000 0.000000 
0.000000 0.000155 0.000000 0.000000 
0.000000 0.000000 0.066969 0.000000 
0.000000 0.000000 0.000000 17.735979 
Eigenvectors
0.999772 0.011669 0.017909 -0.000149 
0.011206 -0.999604 0.025775 0.001591 
-0.018201 0.025525 0.999246 -0.022897 
-0.000285 0.002177 0.022848 0.999737 
Mean
0.225634 0.268621 -2.604901 10.870101 

Component 6
Covariance
0.000509 0.000161 -0.000811 0.002697 
0.000161 0.000966 -0.000349 -0.000172 
-0.000811 -0.000349 0.023683 0.007328 
0.002697 -0.000172 0.007328 0.469747 
Eigenvalues
0.000420 0.000000 0.000000 0.000000 
0.000000 0.001002 0.000000 0.000000 
0.000000 0.000000 0.023600 0.000000 
0.000000 0.000000 0.000000 0.469883 
Eigenvectors
0.963312 -0.266458 0.031517 -0.006125 
0.265749 0.963721 0.024844 -0.001564 
-0.037092 -0.015553 0.999060 -0.016191 
0.005716 -0.000376 0.016410 0.999849 
Mean
0.260514 0.308768 -0.092776 9.307636 

Component 7
Covariance
0.000077 -0.000030 -0.002890 0.032548 
-0.000030 0.000450 0.039495 0.120683 
-0.002890 0.039495 5.586524 11.168373 
0.032548 0.120683 11.168373 171.051169 
Eigenvalues
0.000061 0.000000 0.000000 0.000000 
0.000000 0.000163 0.000000 0.000000 
0.000000 0.000000 4.836304 0.000000 
0.000000 0.000000 0.000000 171.801692 
Eigenvectors
-0.978804 -0.204798 0.000322 0.000310 
0.204796 -0.978783 0.006582 0.000222 
-0.001047 0.006475 0.997728 -0.067044 
0.000188 0.000716 0.067041 0.997750 
Mean
0.217520 0.287636 1.349423 1.543201 

Component 8
Covariance
0.013616 0.000223 0.010953 -0.015037 
0.000223 0.000485 -0.009439 -0.006583 
0.010953 -0.009439 1.713600 -0.414471 
-0.015037 -0.006583 -0.414471 9.864492 
Eigenvalues
0.000419 0.000000 0.000000 0.000000 
0.000000 0.013535 0.000000 0.000000 
0.000000 0.000000 1.692697 0.000000 
0.000000 0.000000 0.000000 9.885542 
Eigenvectors
0.020776 -0.999767 -0.005854 -0.000882 
-0.999765 -0.020810 0.006012 -0.001287 
0.006060 -0.005767 0.998681 0.050659 
-0.001577 -0.000617 -0.050655 0.998715 
Mean
0.424305 0.324237 -0.256023 6.792554 

