Component 1
Covariance
0.000500 0.000167 -0.000809 0.003244 
0.000167 0.000947 -0.000223 0.000293 
-0.000809 -0.000223 0.021456 0.004856 
0.003244 0.000293 0.004856 0.468006 
Eigenvalues
0.000399 0.000000 0.000000 0.000000 
0.000000 0.000989 0.000000 0.000000 
0.000000 0.000000 0.021440 0.000000 
0.000000 0.000000 0.000000 0.468081 
Eigenvectors
-0.960687 0.275255 -0.035595 0.006862 
-0.274598 -0.961304 -0.021970 0.002740 
-0.040342 -0.011339 0.999066 -0.010563 
0.006919 0.000625 0.010858 0.999917 
Mean
0.260682 0.307728 -0.089515 9.313865 

Component 2
Covariance
0.082631 -0.008654 0.000569 -0.109701 
-0.008654 0.244915 0.005622 -0.806969 
0.000569 0.005622 0.000246 -0.035956 
-0.109701 -0.806969 -0.035956 5.261218 
Eigenvalues
0.000000 0.000000 0.000000 0.000000 
0.000000 0.067598 0.000000 0.000000 
0.000000 0.000000 0.131170 0.000000 
0.000000 0.000000 0.000000 5.390243 
Eigenvectors
-0.002113 0.000438 -0.999974 -0.006811 
0.892828 0.441813 -0.002289 0.087490 
-0.449941 0.883636 0.000457 0.129380 
-0.020163 -0.154880 -0.006753 0.987704 
Mean
1.512972 1.033116 -0.007198 1.531857 

Component 3
Covariance
0.007996 -0.000126 0.000464 -0.006103 
-0.000126 0.000228 -0.003221 -0.006674 
0.000464 -0.003221 0.676738 0.227335 
-0.006103 -0.006674 0.227335 1.241632 
Eigenvalues
0.000183 0.000000 0.000000 0.000000 
0.000000 0.007964 0.000000 0.000000 
0.000000 0.000000 0.596626 0.000000 
0.000000 0.000000 0.000000 1.321820 
Eigenvectors
-0.019763 -0.999788 -0.003098 -0.004905 
-0.999787 0.019781 0.002597 -0.005317 
0.004191 -0.001374 0.943133 -0.332386 
-0.004263 -0.005573 0.332390 0.943116 
Mean
0.352630 0.318638 -0.280537 8.880673 

Component 4
Covariance
0.000074 -0.000061 -0.003804 0.007682 
-0.000061 0.000451 0.037252 0.055749 
-0.003804 0.037252 4.546684 5.224504 
0.007682 0.055749 5.224504 51.606853 
Eigenvalues
0.000054 0.000000 0.000000 0.000000 
0.000000 0.000155 0.000000 0.000000 
0.000000 0.000000 3.973897 0.000000 
0.000000 0.000000 0.000000 52.179955 
Eigenvectors
-0.934110 -0.356981 0.001743 0.000348 
0.356983 -0.934079 0.007756 0.000171 
-0.001162 0.007789 0.994007 -0.109034 
0.000138 0.001140 0.109029 0.994038 
Mean
0.215199 0.282465 0.902475 -8.422255 

Component 5
Covariance
0.005206 0.000502 0.001192 0.017382 
0.000502 0.000439 -0.000433 -0.015600 
0.001192 -0.000433 0.088325 -0.148165 
0.017382 -0.015600 -0.148165 10.559932 
Eigenvalues
0.000351 0.000000 0.000000 0.000000 
0.000000 0.005212 0.000000 0.000000 
0.000000 0.000000 0.086259 0.000000 
0.000000 0.000000 0.000000 10.562080 
Eigenvectors
0.111412 -0.993728 -0.009408 -0.001783 
-0.993616 -0.111560 0.016705 0.001706 
0.017674 -0.007508 0.999716 0.014102 
0.001645 -0.001476 -0.014145 0.999898 
Mean
0.351856 0.328506 -0.036367 2.842768 

Component 6
Covariance
0.000083 -0.000043 -0.001345 -0.004596 
-0.000043 0.000280 0.002579 0.038142 
-0.001345 0.002579 0.078064 0.384697 
-0.004596 0.038142 0.384697 18.249402 
Eigenvalues
0.000059 0.000000 0.000000 0.000000 
0.000000 0.000156 0.000000 0.000000 
0.000000 0.000000 0.069990 0.000000 
0.000000 0.000000 0.000000 18.257623 
Eigenvectors
0.999676 0.018582 0.017374 -0.000153 
0.018132 -0.999503 0.025737 0.001551 
-0.017842 0.025375 0.999294 -0.021204 
-0.000253 0.002092 0.021156 0.999774 
Mean
0.225506 0.268606 -2.600617 10.802505 

Component 7
Covariance
0.000806 0.000176 -0.009804 -0.078779 
0.000176 0.000734 -0.000255 -0.023206 
-0.009804 -0.000255 2.840472 4.784709 
-0.078779 -0.023206 4.784709 46.453663 
Eigenvalues
0.000556 0.000000 0.000000 0.000000 
0.000000 0.000836 0.000000 0.000000 
0.000000 0.000000 2.321724 0.000000 
0.000000 0.000000 0.000000 46.972558 
Eigenvectors
0.766448 -0.642305 0.001136 0.000862 
-0.642304 -0.766449 0.000235 -0.001496 
-0.000541 0.000968 0.994173 -0.107787 
-0.001690 -0.000492 0.107786 0.994173 
Mean
0.255835 0.304748 0.951747 8.946831 

Component 8
Covariance
0.020890 0.002148 0.001627 -0.086607 
0.002148 0.002744 -0.015627 -0.062727 
0.001627 -0.015627 2.663350 -0.304744 
-0.086607 -0.062727 -0.304744 19.771094 
Eigenvalues
0.002249 0.000000 0.000000 0.000000 
0.000000 0.020702 0.000000 0.000000 
0.000000 0.000000 2.658028 0.000000 
0.000000 0.000000 0.000000 19.777098 
Eigenvectors
0.102130 -0.994748 -0.006225 -0.002805 
-0.994761 -0.102115 -0.000533 -0.004695 
0.000028 -0.006304 0.999822 0.017782 
-0.004385 -0.003158 -0.017801 0.999827 
Mean
0.455868 0.343730 -0.161388 5.303128 

Component 9
Covariance
0.002539 0.000421 0.006383 -0.113352 
0.000421 0.001129 -0.001236 -0.013256 
0.006383 -0.001236 0.389258 -0.341926 
-0.113352 -0.013256 -0.341926 13.869569 
Eigenvalues
0.000942 0.000000 0.000000 0.000000 
0.000000 0.001747 0.000000 0.000000 
0.000000 0.000000 0.380630 0.000000 
0.000000 0.000000 0.000000 13.879177 
Eigenvectors
0.457182 -0.889333 -0.007977 0.002690 
-0.889287 -0.457240 0.006532 -0.007545 
0.009252 -0.004133 0.999626 0.025413 
-0.008177 -0.000953 -0.025342 0.999645 
Mean
0.290477 0.329397 -0.088044 6.109145 

Component 10
Covariance
0.017234 0.006256 0.000009 0.000722 
0.006256 0.005744 0.000001 0.000145 
0.000009 0.000001 0.000001 0.000015 
0.000722 0.000145 0.000015 0.006217 
Eigenvalues
0.000001 0.000000 0.000000 0.000000 
0.000000 0.002987 0.000000 0.000000 
0.000000 0.000000 0.006187 0.000000 
0.000000 0.000000 0.000000 0.020021 
Eigenvectors
0.000603 -0.000470 -0.999997 0.002378 
0.403693 -0.913563 0.000556 -0.049326 
0.027766 0.066122 -0.002386 -0.997422 
0.914473 0.401285 0.000486 0.052058 
Mean
0.336295 0.378373 -0.000121 0.362247 

