Component 1
Covariance
0.003952 0.000414 -0.000049 -0.006559 
0.000414 0.000512 0.000087 -0.022266 
-0.000049 0.000087 0.151950 -0.364891 
-0.006559 -0.022266 -0.364891 13.973882 
Eigenvalues
0.000429 0.000000 0.000000 0.000000 
0.000000 0.003994 0.000000 0.000000 
0.000000 0.000000 0.142326 0.000000 
0.000000 0.000000 0.000000 13.983547 
Eigenvectors
0.113589 -0.993521 -0.003281 -0.001615 
0.993526 0.113582 0.001985 0.000699 
-0.001612 -0.003528 0.999645 0.026365 
-0.000469 -0.001592 -0.026372 0.999651 
Mean
0.337334 0.326323 -0.072873 4.116608 

Component 2
Covariance
0.000500 0.000178 -0.000877 0.003086 
0.000178 0.000929 -0.000231 0.000149 
-0.000877 -0.000231 0.019642 0.003368 
0.003086 0.000149 0.003368 0.415344 
Eigenvalues
0.000384 0.000000 0.000000 0.000000 
0.000000 0.000976 0.000000 0.000000 
0.000000 0.000000 0.019658 0.000000 
0.000000 0.000000 0.000000 0.415395 
Eigenvectors
0.955123 -0.293228 0.041283 -0.007332 
-0.292338 -0.955956 -0.026047 0.002732 
0.047166 0.012814 -0.998772 0.008129 
0.007419 0.000357 0.008494 0.999936 
Mean
0.261452 0.307195 -0.088758 9.312782 

Component 3
Covariance
0.016635 0.000532 -0.026301 0.093018 
0.000532 0.002406 -0.008478 -0.091324 
-0.026301 -0.008478 0.702341 -0.359891 
0.093018 -0.091324 -0.359891 16.931123 
Eigenvalues
0.001724 0.000000 0.000000 0.000000 
0.000000 0.015285 0.000000 0.000000 
0.000000 0.000000 0.695389 0.000000 
0.000000 0.000000 0.000000 16.940107 
Eigenvectors
0.049271 -0.998679 -0.013286 -0.005940 
0.998133 0.048785 0.036480 -0.004449 
-0.035671 -0.015183 0.999000 0.022263 
0.005529 -0.005379 -0.022164 0.999725 
Mean
0.482859 0.344220 0.119310 4.815602 

Component 4
Covariance
0.000736 0.000062 -0.015753 -0.019076 
0.000062 0.000827 0.002324 0.010150 
-0.015753 0.002324 2.630294 0.427286 
-0.019076 0.010150 0.427286 2.676091 
Eigenvalues
0.000476 0.000000 0.000000 0.000000 
0.000000 0.000849 0.000000 0.000000 
0.000000 0.000000 2.225307 0.000000 
0.000000 0.000000 0.000000 3.081315 
Eigenvectors
0.914265 -0.405024 0.004646 0.007313 
0.405037 0.914298 0.001759 -0.000862 
0.000759 -0.002380 0.725810 -0.687890 
-0.008012 0.002910 0.687877 0.725777 
Mean
0.241363 0.300683 2.466784 18.261495 

Component 5
Covariance
0.002953 0.000419 -0.039579 0.032778 
0.000419 0.000763 -0.011324 0.013323 
-0.039579 -0.011324 2.927100 1.134139 
0.032778 0.013323 1.134139 19.111915 
Eigenvalues
0.000672 0.000000 0.000000 0.000000 
0.000000 0.002323 0.000000 0.000000 
0.000000 0.000000 2.848678 0.000000 
0.000000 0.000000 0.000000 19.191058 
Eigenvectors
0.134370 -0.990928 -0.002247 0.000594 
-0.990821 -0.134320 -0.014968 0.002681 
-0.014674 -0.004294 0.997463 -0.069526 
0.001561 0.000652 0.069560 0.997576 
Mean
0.303332 0.317998 0.345638 5.284406 

Component 6
Covariance
0.017230 0.006249 0.000009 0.000706 
0.006249 0.005739 0.000001 0.000142 
0.000009 0.000001 0.000001 0.000015 
0.000706 0.000142 0.000015 0.006217 
Eigenvalues
0.000001 0.000000 0.000000 0.000000 
0.000000 0.002988 0.000000 0.000000 
0.000000 0.000000 0.006188 0.000000 
0.000000 0.000000 0.000000 0.020009 
Eigenvectors
0.000591 -0.000466 -0.999997 0.002416 
0.403350 -0.913788 0.000548 -0.047959 
0.027325 0.064415 -0.002424 -0.997546 
0.914638 0.401051 0.000477 0.050950 
Mean
0.336375 0.378345 -0.000116 0.362341 

Component 7
Covariance
0.082704 -0.008601 0.000570 -0.109969 
-0.008601 0.244932 0.005623 -0.807092 
0.000570 0.005623 0.000246 -0.035960 
-0.109969 -0.807092 -0.035960 5.261828 
Eigenvalues
0.000000 0.000000 0.000000 0.000000 
0.000000 0.067654 0.000000 0.000000 
0.000000 0.000000 0.131169 0.000000 
0.000000 0.000000 0.000000 5.390887 
Eigenvectors
-0.002113 0.000438 -0.999974 -0.006811 
0.892674 0.442106 -0.002290 0.087580 
-0.450245 0.883489 0.000458 0.129332 
-0.020212 -0.154885 -0.006752 0.987703 
Mean
1.512896 1.033065 -0.007200 1.532125 

Component 8
Covariance
0.000758 0.000110 0.006027 -0.004583 
0.000110 0.001232 -0.005180 -0.007988 
0.006027 -0.005180 0.546075 0.381917 
-0.004583 -0.007988 0.381917 4.004398 
Eigenvalues
0.000626 0.000000 0.000000 0.000000 
0.000000 0.001223 0.000000 0.000000 
0.000000 0.000000 0.504520 0.000000 
0.000000 0.000000 0.000000 4.046094 
Eigenvectors
0.961632 -0.273948 -0.014590 0.001946 
-0.274039 -0.961705 -0.004872 -0.001768 
0.012877 -0.008506 0.993980 -0.108468 
-0.000965 -0.002102 0.108476 0.994096 
Mean
0.251413 0.321516 -0.096895 9.206730 

Component 9
Covariance
0.000102 -0.000074 -0.009037 0.043421 
-0.000074 0.000379 0.020929 0.007471 
-0.009037 0.020929 3.267687 -11.007458 
0.043421 0.007471 -11.007458 123.878265 
Eigenvalues
0.000069 0.000000 0.000000 0.000000 
0.000000 0.000182 0.000000 0.000000 
0.000000 0.000000 2.271544 0.000000 
0.000000 0.000000 0.000000 124.874639 
Eigenvectors
0.968646 0.248443 -0.000152 -0.000368 
0.248433 -0.968600 0.009697 0.000833 
-0.002239 0.009474 0.995881 0.090144 
0.000353 0.000044 -0.090148 0.995928 
Mean
0.220962 0.276595 -1.128692 3.975627 

