Component 1
Covariance
0.000506 0.000184 -0.000884 0.003416 
0.000184 0.000924 -0.000204 0.000463 
-0.000884 -0.000204 0.018775 0.002524 
0.003416 0.000463 0.002524 0.422228 
Eigenvalues
0.000381 0.000000 0.000000 0.000000 
0.000000 0.000974 0.000000 0.000000 
0.000000 0.000000 0.018807 0.000000 
0.000000 0.000000 0.000000 0.422272 
Eigenvectors
0.952980 -0.299793 0.043540 -0.007648 
-0.298861 -0.953928 -0.026289 0.003629 
0.049465 0.012048 -0.998686 0.005815 
0.008085 0.001099 0.006236 0.999947 
Mean
0.260987 0.306584 -0.085612 9.306531 

Component 2
Covariance
0.000862 0.000185 -0.021593 -0.079042 
0.000185 0.000805 -0.004937 -0.017549 
-0.021593 -0.004937 2.875547 5.699287 
-0.079042 -0.017549 5.699287 45.073093 
Eigenvalues
0.000574 0.000000 0.000000 0.000000 
0.000000 0.000882 0.000000 0.000000 
0.000000 0.000000 2.119402 0.000000 
0.000000 0.000000 0.000000 45.829450 
Eigenvectors
0.846288 -0.532711 0.003884 0.000786 
-0.532697 -0.846297 -0.003936 -0.000766 
-0.005196 -0.001221 0.991297 -0.131540 
-0.001772 -0.000394 0.131532 0.991310 
Mean
0.262246 0.308265 1.041837 8.283018 

Component 3
Covariance
0.082732 -0.008580 0.000571 -0.110074 
-0.008580 0.244938 0.005623 -0.807140 
0.000571 0.005623 0.000246 -0.035961 
-0.110074 -0.807140 -0.035961 5.262074 
Eigenvalues
0.000000 0.000000 0.000000 0.000000 
0.000000 0.067676 0.000000 0.000000 
0.000000 0.000000 0.131169 0.000000 
0.000000 0.000000 0.000000 5.391147 
Eigenvectors
-0.002113 0.000438 -0.999974 -0.006811 
0.892613 0.442222 -0.002290 0.087615 
-0.450364 0.883431 0.000458 0.129314 
-0.020231 -0.154886 -0.006752 0.987702 
Mean
1.512866 1.033046 -0.007201 1.532229 

Component 4
Covariance
0.015933 0.001060 -0.001732 -0.021778 
0.001060 0.001921 -0.009741 -0.066107 
-0.001732 -0.009741 1.956099 -0.424255 
-0.021778 -0.066107 -0.424255 15.620798 
Eigenvalues
0.001510 0.000000 0.000000 0.000000 
0.000000 0.015963 0.000000 0.000000 
0.000000 0.000000 1.943014 0.000000 
0.000000 0.000000 0.000000 15.634264 
Eigenvectors
0.066152 -0.997783 -0.005845 -0.004290 
0.997808 0.066137 0.001598 0.001716 
-0.001252 -0.006071 0.999501 0.030971 
-0.001391 -0.004208 -0.030999 0.999510 
Mean
0.436755 0.336533 -0.149302 5.910878 

Component 5
Covariance
0.017228 0.006246 0.000009 0.000704 
0.006246 0.005736 0.000001 0.000139 
0.000009 0.000001 0.000001 0.000016 
0.000704 0.000139 0.000016 0.006229 
Eigenvalues
0.000001 0.000000 0.000000 0.000000 
0.000000 0.002988 0.000000 0.000000 
0.000000 0.000000 0.006201 0.000000 
0.000000 0.000000 0.000000 0.020004 
Eigenvectors
0.000598 -0.000482 -0.999997 0.002455 
0.403200 -0.913839 0.000563 -0.048253 
0.027083 0.064620 -0.002464 -0.997539 
0.914711 0.400903 0.000479 0.050803 
Mean
0.336357 0.378332 -0.000116 0.362305 

Component 6
Covariance
0.003821 0.000397 -0.000085 -0.017480 
0.000397 0.000530 0.000051 -0.022449 
-0.000085 0.000051 0.179507 -0.371040 
-0.017480 -0.022449 -0.371040 13.946916 
Eigenvalues
0.000451 0.000000 0.000000 0.000000 
0.000000 0.003838 0.000000 0.000000 
0.000000 0.000000 0.169518 0.000000 
0.000000 0.000000 0.000000 13.956967 
Eigenvectors
-0.109174 0.994017 0.002854 0.001539 
0.994016 0.109161 0.003658 0.001519 
-0.003359 -0.003280 0.999627 0.026911 
-0.001252 -0.001608 -0.026921 0.999635 
Mean
0.336398 0.326519 -0.067319 4.264844 

Component 7
Covariance
0.000099 -0.000071 -0.008687 0.040768 
-0.000071 0.000394 0.023242 0.011930 
-0.008687 0.023242 3.660587 -9.927997 
0.040768 0.011930 -9.927997 120.742435 
Eigenvalues
0.000068 0.000000 0.000000 0.000000 
0.000000 0.000194 0.000000 0.000000 
0.000000 0.000000 2.824922 0.000000 
0.000000 0.000000 0.000000 121.578331 
Eigenvectors
0.971235 0.238122 -0.000206 -0.000368 
0.238115 -0.971198 0.008718 0.000732 
-0.001854 0.008554 0.996436 0.083894 
0.000340 0.000082 -0.083897 0.996474 
Mean
0.220895 0.277746 -0.938780 4.319768 

Component 8
Covariance
0.000903 0.000081 0.007976 -0.004907 
0.000081 0.001180 -0.003412 -0.008023 
0.007976 -0.003412 0.426497 0.345851 
-0.004907 -0.008023 0.345851 2.689369 
Eigenvalues
0.000669 0.000000 0.000000 0.000000 
0.000000 0.001172 0.000000 0.000000 
0.000000 0.000000 0.375029 0.000000 
0.000000 0.000000 0.000000 2.741079 
Eigenvectors
0.969061 -0.245676 -0.023406 0.004046 
-0.245743 -0.969329 -0.000503 -0.003277 
0.023016 -0.005849 0.988743 -0.147728 
-0.001341 -0.003080 0.147781 0.989014 
Mean
0.253864 0.326973 -0.210468 9.188774 

