Component 1
Covariance
0.480024 0.207797 -0.009995 -0.105945 
0.207797 0.285584 -0.013333 -0.100661 
-0.009995 -0.013333 0.121789 -0.020329 
-0.105945 -0.100661 -0.020329 0.503556 
Eigenvalues
0.117635 0.000000 0.000000 0.000000 
0.000000 0.152812 0.000000 0.000000 
0.000000 0.000000 0.408792 0.000000 
0.000000 0.000000 0.000000 0.711715 
Eigenvectors
0.075389 -0.223144 -0.967829 -0.088490 
-0.508663 0.825019 -0.236189 0.069438 
0.525666 0.230751 -0.086698 0.814195 
-0.677683 -0.465086 0.002364 0.569592 
Mean
0.231475 -0.010499 -0.021427 -0.434861 

Component 2
Covariance
0.068480 0.019461 0.063277 -0.007707 
0.019461 0.329540 -0.056455 -0.031444 
0.063277 -0.056455 0.545252 0.096821 
-0.007707 -0.031444 0.096821 0.136156 
Eigenvalues
0.052507 0.000000 0.000000 0.000000 
0.000000 0.118508 0.000000 0.000000 
0.000000 0.000000 0.320602 0.000000 
0.000000 0.000000 0.000000 0.587811 
Eigenvectors
0.942368 -0.072662 -0.182553 0.270807 
-0.289147 0.125276 -0.153057 0.936629 
-0.132809 -0.963540 -0.226643 0.050840 
0.103427 -0.224980 0.944394 0.216347 
Mean
-0.552849 -0.126436 -0.215499 0.739892 

Component 3
Covariance
7.477311 -1.332851 0.005809 -0.202421 
-1.332851 65.170537 0.098185 -2.547927 
0.005809 0.098185 0.000282 -0.007450 
-0.202421 -2.547927 -0.007450 0.197083 
Eigenvalues
0.000000 0.000000 0.000000 0.000000 
0.000000 0.088653 0.000000 0.000000 
0.000000 0.000000 7.455800 0.000000 
0.000000 0.000000 0.000000 65.300760 
Eigenvectors
-0.000238 0.000029 -0.999291 -0.037649 
0.034554 0.039832 -0.037604 0.997901 
-0.999141 -0.021509 -0.001097 0.035414 
0.022890 -0.998975 -0.001504 0.039025 
Mean
11.455508 11.469409 -0.005394 -0.778799 

Component 4
Covariance
0.319184 0.047841 -0.198197 -0.028465 
0.047841 0.199056 -0.152648 -0.020812 
-0.198197 -0.152648 2.108365 0.060031 
-0.028465 -0.020812 0.060031 0.564882 
Eigenvalues
0.178142 0.000000 0.000000 0.000000 
0.000000 0.303093 0.000000 0.000000 
0.000000 0.000000 0.564904 0.000000 
0.000000 0.000000 0.000000 2.145348 
Eigenvectors
0.252699 -0.965929 -0.049643 -0.025675 
-0.957852 -0.241761 -0.122434 -0.095295 
0.080774 0.044812 0.053476 -0.994288 
-0.110173 -0.080772 0.989791 0.040643 
Mean
0.136379 -0.076928 0.166654 -0.026568 

Component 5
Covariance
0.045691 0.027273 -0.009626 0.005728 
0.027273 0.243939 -0.003938 -0.000061 
-0.009626 -0.003938 0.022973 0.000539 
0.005728 -0.000061 0.000539 0.015341 
Eigenvalues
0.013382 0.000000 0.000000 0.000000 
0.000000 0.020401 0.000000 0.000000 
0.000000 0.000000 0.046416 0.000000 
0.000000 0.000000 0.000000 0.247745 
Eigenvectors
-0.279143 0.027799 -0.319629 0.905066 
-0.264093 0.016598 -0.880655 -0.392970 
0.913311 -0.133012 -0.348925 0.162547 
0.134894 0.990585 -0.023127 0.003011 
Mean
-0.439432 -0.369440 -0.093923 0.726738 

Component 6
Covariance
0.073064 0.039700 -0.105512 0.367587 
0.039700 0.175710 0.225275 0.337011 
-0.105512 0.225275 3.993957 1.282403 
0.367587 0.337011 1.282403 4.051853 
Eigenvalues
0.023406 0.000000 0.000000 0.000000 
0.000000 0.144802 0.000000 0.000000 
0.000000 0.000000 2.782889 0.000000 
0.000000 0.000000 0.000000 5.343487 
Eigenvectors
-0.983821 0.133571 -0.065881 0.099570 
-0.126731 -0.987627 0.024671 0.089016 
-0.121176 -0.028135 0.718877 -0.683916 
0.036760 0.077203 0.691569 0.717231 
Mean
-0.575909 -0.537223 1.144659 -0.706354 

Component 7
Covariance
1.558617 0.970060 0.000093 0.001324 
0.970060 1.528536 0.000024 0.000454 
0.000093 0.000024 0.000001 0.000003 
0.001324 0.000454 0.000003 0.000233 
Eigenvalues
0.000001 0.000000 0.000000 0.000000 
0.000000 0.000232 0.000000 0.000000 
0.000000 0.000000 0.573400 0.000000 
0.000000 0.000000 0.000000 2.513754 
Eigenvectors
0.000068 -0.000031 -0.999913 0.013224 
-0.001100 0.000401 0.013223 0.999912 
0.701603 -0.712567 0.000084 0.001056 
0.712567 0.701604 0.000033 0.000502 
Mean
0.269149 0.790129 0.002185 -1.005218 

Component 8
Covariance
0.018029 -0.012841 -0.050805 -0.004670 
-0.012841 0.178905 0.195290 0.037931 
-0.050805 0.195290 5.663509 0.040611 
-0.004670 0.037931 0.040611 0.066299 
Eigenvalues
0.016710 0.000000 0.000000 0.000000 
0.000000 0.054669 0.000000 0.000000 
0.000000 0.000000 0.184130 0.000000 
0.000000 0.000000 0.000000 5.671233 
Eigenvectors
0.997227 0.061324 0.006552 0.041643 
0.021495 0.298706 -0.003298 -0.954097 
-0.070665 0.951707 -0.036772 0.296493 
-0.009068 0.035605 0.999297 0.007489 
Mean
-0.773696 -0.552916 1.983498 2.549149 

Component 9
Covariance
1.298792 0.055842 0.064685 -0.068452 
0.055842 0.062188 -0.027107 -0.026911 
0.064685 -0.027107 0.397605 -0.095328 
-0.068452 -0.026911 -0.095328 0.240591 
Eigenvalues
0.050783 0.000000 0.000000 0.000000 
0.000000 0.202479 0.000000 0.000000 
0.000000 0.000000 0.434729 0.000000 
0.000000 0.000000 0.000000 1.311185 
Eigenvectors
-0.039997 0.971181 0.136025 0.191587 
-0.044339 0.228498 -0.389018 -0.891340 
0.096704 0.051331 -0.907916 0.404601 
-0.993520 -0.044299 -0.076486 0.071448 
Mean
1.120753 -0.153788 -0.185935 0.340026 

Component 10
Covariance
0.006763 -0.003392 -0.012741 0.000084 
-0.003392 0.064168 0.027816 0.079958 
-0.012741 0.027816 0.089032 -0.042146 
0.000084 0.079958 -0.042146 0.780599 
Eigenvalues
0.004720 0.000000 0.000000 0.000000 
0.000000 0.035729 0.000000 0.000000 
0.000000 0.000000 0.108547 0.000000 
0.000000 0.000000 0.000000 0.791566 
Eigenvectors
0.984716 -0.040645 0.168840 0.013253 
0.123260 0.845275 -0.506029 -0.119382 
0.123049 -0.521928 -0.844018 0.009151 
0.000542 0.107005 -0.055327 0.992718 
Mean
-0.785612 -1.020516 -2.779159 0.784256 

