Component 1
Covariance
0.347014 0.068815 0.015934 -0.087915 
0.068815 0.145871 0.005343 -0.080682 
0.015934 0.005343 0.227956 -0.079165 
-0.087915 -0.080682 -0.079165 0.565400 
Eigenvalues
0.117291 0.000000 0.000000 0.000000 
0.000000 0.211312 0.000000 0.000000 
0.000000 0.000000 0.324806 0.000000 
0.000000 0.000000 0.000000 0.632833 
Eigenvectors
0.238730 -0.956626 -0.089159 -0.141155 
0.075662 -0.102705 0.968907 0.212006 
0.908120 0.186601 -0.128205 0.352223 
-0.335561 -0.198741 -0.191921 0.900593 
Mean
0.226821 -0.070395 -0.084367 -0.165804 

Component 2
Covariance
7.483226 -1.325498 0.005824 -0.202872 
-1.325498 65.174428 0.098197 -2.548284 
0.005824 0.098197 0.000282 -0.007451 
-0.202872 -2.548284 -0.007451 0.197105 
Eigenvalues
0.000000 0.000000 0.000000 0.000000 
0.000000 0.088649 0.000000 0.000000 
0.000000 0.000000 7.462054 0.000000 
0.000000 0.000000 0.000000 65.304339 
Eigenvectors
-0.000238 0.000029 -0.999291 -0.037649 
0.034547 0.039831 -0.037604 0.997901 
-0.999144 -0.021383 -0.001097 0.035402 
0.022764 -0.998978 -0.001505 0.039029 
Mean
11.454854 11.468669 -0.005396 -0.778752 

Component 3
Covariance
1.555471 0.975701 0.000029 0.001473 
0.975701 1.527442 0.000013 0.001080 
0.000029 0.000013 0.000000 0.000001 
0.001473 0.001080 0.000001 0.000171 
Eigenvalues
0.000000 0.000000 0.000000 0.000000 
0.000000 0.000169 0.000000 0.000000 
0.000000 0.000000 0.565655 0.000000 
0.000000 0.000000 0.000000 2.517260 
Eigenvectors
0.000016 -0.000007 -0.999970 0.007690 
-0.000841 -0.000170 0.007690 0.999970 
0.702010 -0.712167 0.000020 0.000469 
0.712166 0.702010 0.000012 0.000718 
Mean
0.259461 0.752768 0.002027 -1.004380 

Component 4
Covariance
0.007015 -0.004663 -0.029033 0.059871 
-0.004663 0.119619 0.686941 0.373831 
-0.029033 0.686941 6.357350 2.279155 
0.059871 0.373831 2.279155 6.362794 
Eigenvalues
0.005722 0.000000 0.000000 0.000000 
0.000000 0.042279 0.000000 0.000000 
0.000000 0.000000 4.093905 0.000000 
0.000000 0.000000 0.000000 8.704872 
Eigenvectors
0.996250 0.085276 0.000571 -0.014602 
0.085092 -0.991066 0.100399 0.021608 
-0.015463 0.054079 0.700128 -0.711798 
0.002425 0.087126 0.706923 0.701899 
Mean
-0.860094 -0.692459 1.435770 -0.757897 

Component 5
Covariance
1.511667 0.852140 0.000196 -0.000704 
0.852140 1.423895 -0.000060 -0.002709 
0.000196 -0.000060 0.000004 0.000024 
-0.000704 -0.002709 0.000024 0.000590 
Eigenvalues
0.000003 0.000000 0.000000 0.000000 
0.000000 0.000585 0.000000 0.000000 
0.000000 0.000000 0.614516 0.000000 
0.000000 0.000000 0.000000 2.321052 
Eigenvectors
-0.000195 0.000082 0.999175 -0.040611 
-0.000925 0.002458 0.040610 0.999172 
0.688683 -0.725059 0.000291 0.002409 
-0.725062 -0.688683 -0.000043 0.001024 
Mean
0.328421 0.886645 0.002811 -1.007831 

Component 6
Covariance
1.496111 0.160056 0.137255 -0.123149 
0.160056 0.500195 -0.148841 -0.207051 
0.137255 -0.148841 2.116281 -0.065294 
-0.123149 -0.207051 -0.065294 0.532713 
Eigenvalues
0.293703 0.000000 0.000000 0.000000 
0.000000 0.671672 0.000000 0.000000 
0.000000 0.000000 1.523368 0.000000 
0.000000 0.000000 0.000000 2.156556 
Eigenvectors
0.043212 -0.751313 -0.087991 -0.652625 
-0.240825 0.623956 0.053654 -0.741487 
-0.949498 -0.205500 0.184603 0.148816 
0.196444 -0.063077 0.977395 -0.046156 
Mean
1.216747 0.101522 -0.289084 0.163818 

Component 7
Covariance
0.078602 0.016057 0.040093 -0.101508 
0.016057 0.303186 -0.167858 -0.043049 
0.040093 -0.167858 2.104476 0.521527 
-0.101508 -0.043049 0.521527 1.163219 
Eigenvalues
0.063243 0.000000 0.000000 0.000000 
0.000000 0.289470 0.000000 0.000000 
0.000000 0.000000 0.946160 0.000000 
0.000000 0.000000 0.000000 2.350609 
Eigenvectors
0.988294 -0.084499 -0.055546 0.114230 
0.088979 0.992129 0.087839 0.006789 
0.123896 -0.040192 0.398628 -0.907816 
-0.002534 -0.083208 0.911205 0.403454 
Mean
-0.470352 -0.231129 0.502572 0.459412 

Component 8
Covariance
0.046551 0.025391 -0.008209 0.005065 
0.025391 0.258370 -0.006326 -0.000342 
-0.008209 -0.006326 0.027614 0.001561 
0.005065 -0.000342 0.001561 0.018076 
Eigenvalues
0.016195 0.000000 0.000000 0.000000 
0.000000 0.025783 0.000000 0.000000 
0.000000 0.000000 0.047037 0.000000 
0.000000 0.000000 0.000000 0.261596 
Eigenvectors
-0.250177 0.019829 -0.294936 0.921971 
-0.271189 0.004790 -0.892924 -0.359334 
0.921874 -0.120665 -0.338733 0.144386 
0.118387 0.992484 -0.030981 0.000868 
Mean
-0.452858 -0.343973 -0.097476 0.725437 

Component 9
Covariance
0.007454 -0.006719 -0.013527 -0.009357 
-0.006719 0.075286 0.045262 0.121978 
-0.013527 0.045262 0.087116 0.083993 
-0.009357 0.121978 0.083993 0.664113 
Eigenvalues
0.005185 0.000000 0.000000 0.000000 
0.000000 0.032638 0.000000 0.000000 
0.000000 0.000000 0.093987 0.000000 
0.000000 0.000000 0.000000 0.702160 
Eigenvectors
0.984986 -0.004442 0.172430 -0.007170 
-0.096439 -0.835818 0.533073 0.089116 
-0.142071 0.511533 0.815103 -0.231857 
-0.017843 0.199307 0.147340 0.968633 
Mean
-0.783471 -0.999999 -2.786538 1.029067 

