Component 1
Covariance
0.000082 -0.000043 -0.001323 -0.004630 
-0.000043 0.000280 0.002567 0.038203 
-0.001323 0.002567 0.077783 0.393655 
-0.004630 0.038203 0.393655 18.256221 
Eigenvalues
0.000059 0.000000 0.000000 0.000000 
0.000000 0.000156 0.000000 0.000000 
0.000000 0.000000 0.069327 0.000000 
0.000000 0.000000 0.000000 18.264823 
Eigenvectors
0.999591 0.022916 0.017088 -0.000163 
0.022475 -0.999419 0.025590 0.001545 
-0.017663 0.025156 0.999292 -0.021687 
-0.000255 0.002094 0.021640 0.999764 
Mean
0.225539 0.268579 -2.601097 10.816451 

Component 2
Covariance
0.000512 0.000166 -0.000828 0.003054 
0.000166 0.000943 -0.000252 0.000163 
-0.000828 -0.000252 0.022492 0.005619 
0.003054 0.000163 0.005619 0.464121 
Eigenvalues
0.000413 0.000000 0.000000 0.000000 
0.000000 0.000985 0.000000 0.000000 
0.000000 0.000000 0.022458 0.000000 
0.000000 0.000000 0.000000 0.464213 
Eigenvectors
-0.958835 0.281789 -0.034442 0.006634 
-0.281123 -0.959400 -0.022693 0.002467 
-0.039524 -0.012082 0.999068 -0.012433 
0.006564 0.000347 0.012707 0.999898 
Mean
0.260685 0.308140 -0.090635 9.311782 

Component 3
Covariance
0.004588 0.000517 0.001189 -0.008371 
0.000517 0.000455 -0.000035 -0.027218 
0.001189 -0.000035 0.105290 -0.308243 
-0.008371 -0.027218 -0.308243 14.429842 
Eigenvalues
0.000339 0.000000 0.000000 0.000000 
0.000000 0.004633 0.000000 0.000000 
0.000000 0.000000 0.098674 0.000000 
0.000000 0.000000 0.000000 14.436528 
Eigenvectors
0.119075 -0.992855 -0.007447 -0.001963 
0.992828 0.119145 -0.009876 0.000590 
0.010682 -0.006260 0.999692 0.021496 
-0.000582 -0.001885 -0.021504 0.999767 
Mean
0.344552 0.325443 -0.066914 3.885511 

Component 4
Covariance
0.000074 -0.000060 -0.003639 0.009069 
-0.000060 0.000449 0.037205 0.056355 
-0.003639 0.037205 4.566964 5.476443 
0.009069 0.056355 5.476443 55.661617 
Eigenvalues
0.000054 0.000000 0.000000 0.000000 
0.000000 0.000156 0.000000 0.000000 
0.000000 0.000000 3.986826 0.000000 
0.000000 0.000000 0.000000 56.242067 
Eigenvectors
-0.934947 -0.354784 0.001737 0.000341 
0.354787 -0.934915 0.007748 0.000126 
-0.001147 0.007791 0.994399 -0.105394 
0.000154 0.001066 0.105389 0.994431 
Mean
0.215321 0.282506 0.918691 -8.099722 

Component 5
Covariance
0.030489 0.014608 0.000010 0.000991 
0.014608 0.013006 0.000008 0.000496 
0.000010 0.000008 0.000000 0.000006 
0.000991 0.000496 0.000006 0.004465 
Eigenvalues
0.000000 0.000000 0.000000 0.000000 
0.000000 0.004418 0.000000 0.000000 
0.000000 0.000000 0.004734 0.000000 
0.000000 0.000000 0.000000 0.038807 
Eigenvectors
0.000030 0.000542 -0.999999 0.001287 
0.118548 -0.144905 -0.001339 -0.982317 
0.479521 -0.857931 -0.000214 0.184427 
0.869486 0.492905 0.000335 0.032221 
Mean
0.346191 0.383757 -0.000259 0.367902 

Component 6
Covariance
0.016113 0.005326 0.000019 -0.000314 
0.005326 0.005171 -0.000002 -0.000777 
0.000019 -0.000002 0.000003 0.000112 
-0.000314 -0.000777 0.000112 0.015401 
Eigenvalues
0.000002 0.000000 0.000000 0.000000 
0.000000 0.002977 0.000000 0.000000 
0.000000 0.000000 0.015316 0.000000 
0.000000 0.000000 0.000000 0.018392 
Eigenvectors
-0.001668 0.000993 0.999972 -0.007253 
0.374317 -0.926033 0.001193 -0.048462 
-0.196817 -0.028280 -0.007408 -0.980004 
-0.906171 -0.376381 0.000261 0.192848 
Mean
0.340519 0.382262 0.000424 0.345206 

Component 7
Covariance
0.024185 0.000498 0.027067 -0.072642 
0.000498 0.000260 -0.002377 -0.005313 
0.027067 -0.002377 0.924713 -0.432061 
-0.072642 -0.005313 -0.432061 4.050531 
Eigenvalues
0.000233 0.000000 0.000000 0.000000 
0.000000 0.022450 0.000000 0.000000 
0.000000 0.000000 0.866447 0.000000 
0.000000 0.000000 0.000000 4.110558 
Eigenvectors
0.021013 -0.999771 -0.003813 -0.001341 
-0.999404 -0.021070 0.022434 -0.015645 
0.020200 -0.003534 0.990650 0.134880 
-0.018503 -0.001205 -0.134519 0.990737 
Mean
0.438862 0.319376 -0.394249 8.076213 

Component 8
Covariance
0.013763 0.005346 -0.017523 -0.407455 
0.005346 0.003754 -0.027373 -0.098082 
-0.017523 -0.027373 3.734821 1.285174 
-0.407455 -0.098082 1.285174 26.407777 
Eigenvalues
0.000975 0.000000 0.000000 0.000000 
0.000000 0.009749 0.000000 0.000000 
0.000000 0.000000 3.662344 0.000000 
0.000000 0.000000 0.000000 26.487048 
Eigenvectors
0.509232 -0.860597 -0.005618 0.004934 
-0.860490 -0.509238 -0.002598 -0.015047 
0.001496 -0.005955 0.998389 -0.056410 
-0.015403 -0.003759 0.056405 0.998282 
Mean
0.411958 0.343529 -0.023015 6.659724 

Component 9
Covariance
0.000798 0.000160 -0.009685 -0.083415 
0.000160 0.000744 -0.000993 -0.023114 
-0.009685 -0.000993 2.798759 5.000200 
-0.083415 -0.023114 5.000200 47.056168 
Eigenvalues
0.000565 0.000000 0.000000 0.000000 
0.000000 0.000817 0.000000 0.000000 
0.000000 0.000000 2.240870 0.000000 
0.000000 0.000000 0.000000 47.614217 
Eigenvectors
0.812842 -0.582482 0.000670 0.001084 
-0.582481 -0.812843 0.000314 -0.001465 
-0.000168 0.000703 0.993833 -0.110885 
-0.001764 -0.000485 0.110885 0.993832 
Mean
0.256230 0.305432 0.959319 8.657032 

Component 10
Covariance
0.002712 0.000451 0.006752 -0.119789 
0.000451 0.001148 -0.002299 -0.021459 
0.006752 -0.002299 0.482038 -0.213667 
-0.119789 -0.021459 -0.213667 13.966588 
Eigenvalues
0.000970 0.000000 0.000000 0.000000 
0.000000 0.001764 0.000000 0.000000 
0.000000 0.000000 0.478717 0.000000 
0.000000 0.000000 0.000000 13.971035 
Eigenvectors
0.405407 -0.914088 -0.009199 0.001932 
-0.914039 -0.405476 0.007192 -0.008354 
0.010170 -0.005518 0.999806 0.015920 
-0.008582 -0.001534 -0.015842 0.999837 
Mean
0.291403 0.331157 -0.092640 6.326614 

