Component 1
Covariance
0.341047 0.094972 0.018247 -0.118915 
0.094972 0.191460 0.008192 -0.087481 
0.018247 0.008192 0.212219 -0.067719 
-0.118915 -0.087481 -0.067719 0.592645 
Eigenvalues
0.143016 0.000000 0.000000 0.000000 
0.000000 0.200860 0.000000 0.000000 
0.000000 0.000000 0.314377 0.000000 
0.000000 0.000000 0.000000 0.679119 
Eigenvectors
0.393425 -0.911951 -0.079269 -0.085320 
0.068867 -0.071744 0.979673 0.174216 
0.832561 0.328436 -0.111288 0.431957 
-0.383818 -0.235220 -0.146875 0.880785 
Mean
0.182703 -0.055597 -0.074989 -0.175841 

Component 2
Covariance
24.101641 19.934078 3.284122 -0.251887 
19.934078 48.116143 3.056476 -0.998822 
3.284122 3.056476 1.557263 -0.891060 
-0.251887 -0.998822 -0.891060 1.022255 
Eigenvalues
0.201236 0.000000 0.000000 0.000000 
0.000000 1.886452 0.000000 0.000000 
0.000000 0.000000 12.995877 0.000000 
0.000000 0.000000 0.000000 59.713737 
Eigenvectors
-0.095564 0.011353 0.682157 0.724845 
-0.094713 -0.021552 0.718689 -0.688514 
0.859967 -0.497502 0.112798 0.015016 
-0.492295 -0.867121 -0.073648 0.017988 
Mean
6.326834 6.161099 -0.661768 -0.907569 

Component 3
Covariance
0.006973 -0.004662 -0.029345 0.059970 
-0.004662 0.119707 0.690039 0.380657 
-0.029345 0.690039 6.400876 2.318595 
0.059970 0.380657 2.318595 6.407522 
Eigenvalues
0.005669 0.000000 0.000000 0.000000 
0.000000 0.042080 0.000000 0.000000 
0.000000 0.000000 4.098313 0.000000 
0.000000 0.000000 0.000000 8.789015 
Eigenvectors
0.996188 0.085990 0.000610 -0.014666 
0.085810 -0.991045 0.099894 0.022071 
-0.015515 0.053404 0.700367 -0.711614 
0.002386 0.087081 0.706758 0.702071 
Mean
-0.860673 -0.689979 1.448969 -0.777010 

Component 4
Covariance
1.557827 0.968291 0.000093 0.001305 
0.968291 1.525807 0.000022 0.000438 
0.000093 0.000022 0.000001 0.000003 
0.001305 0.000438 0.000003 0.000234 
Eigenvalues
0.000001 0.000000 0.000000 0.000000 
0.000000 0.000233 0.000000 0.000000 
0.000000 0.000000 0.573395 0.000000 
0.000000 0.000000 0.000000 2.510241 
Eigenvectors
0.000069 -0.000033 -0.999905 0.013817 
-0.001090 0.000404 0.013817 0.999904 
0.701237 -0.712928 0.000086 0.001051 
0.712928 0.701237 0.000033 0.000493 
Mean
0.268763 0.789329 0.002188 -1.005217 

Component 5
Covariance
0.045930 0.025010 -0.008260 0.004957 
0.025010 0.257088 -0.006113 -0.000559 
-0.008260 -0.006113 0.027125 0.001519 
0.004957 -0.000559 0.001519 0.017555 
Eigenvalues
0.015728 0.000000 0.000000 0.000000 
0.000000 0.025207 0.000000 0.000000 
0.000000 0.000000 0.046541 0.000000 
0.000000 0.000000 0.000000 0.260222 
Eigenvectors
-0.248405 0.020481 -0.292117 0.923333 
-0.276862 0.005481 -0.892169 -0.356864 
-0.920842 0.118971 0.343208 -0.141793 
-0.117016 -0.992671 0.030180 0.000086 
Mean
-0.451865 -0.345159 -0.096965 0.726036 

Component 6
Covariance
0.007470 -0.006694 -0.013547 -0.009249 
-0.006694 0.075244 0.045131 0.121710 
-0.013547 0.045131 0.087199 0.083589 
-0.009249 0.121710 0.083589 0.664074 
Eigenvalues
0.005195 0.000000 0.000000 0.000000 
0.000000 0.032755 0.000000 0.000000 
0.000000 0.000000 0.094144 0.000000 
0.000000 0.000000 0.000000 0.701894 
Eigenvectors
0.984964 -0.004475 0.172551 -0.007238 
-0.096362 -0.836405 0.532120 0.089381 
-0.142295 0.510722 0.815808 -0.231026 
-0.017684 0.198921 0.146738 0.968806 
Mean
-0.783545 -1.000007 -2.786361 1.028267 

Component 7
Covariance
1.205470 0.041254 0.108231 -0.031603 
0.041254 0.109551 -0.122039 -0.037647 
0.108231 -0.122039 1.819563 -0.056881 
-0.031603 -0.037647 -0.056881 0.361223 
Eigenvalues
0.092621 0.000000 0.000000 0.000000 
0.000000 0.364300 0.000000 0.000000 
0.000000 0.000000 1.191064 0.000000 
0.000000 0.000000 0.000000 1.847822 
Eigenvectors
-0.039752 0.984928 0.077024 0.149682 
0.041519 -0.150192 0.022916 0.987519 
0.984859 0.056768 -0.161203 -0.029033 
0.163548 -0.064322 0.983644 -0.039485 
Mean
1.084371 -0.105851 -0.253043 0.231304 

Component 8
Covariance
0.076734 0.016656 0.047791 -0.101795 
0.016656 0.318110 -0.192750 -0.054975 
0.047791 -0.192750 2.189850 0.545235 
-0.101795 -0.054975 0.545235 1.195311 
Eigenvalues
0.060864 0.000000 0.000000 0.000000 
0.000000 0.300372 0.000000 0.000000 
0.000000 0.000000 0.969743 0.000000 
0.000000 0.000000 0.000000 2.449025 
Eigenvectors
0.988332 -0.083841 -0.058669 0.112818 
0.088275 0.991455 0.095167 0.012965 
0.124123 -0.037133 0.395590 -0.909243 
0.000529 -0.092786 0.911597 0.400476 
Mean
-0.479137 -0.211449 0.536598 0.470114 

