Component 1
Covariance
0.005661 0.000327 0.002179 0.029333 
0.000327 0.000280 0.000247 -0.026005 
0.002179 0.000247 0.062644 -0.236354 
0.029333 -0.026005 -0.236354 13.578786 
Eigenvalues
0.000201 0.000000 0.000000 0.000000 
0.000000 0.005490 0.000000 0.000000 
0.000000 0.000000 0.058649 0.000000 
0.000000 0.000000 0.000000 13.583030 
Eigenvectors
0.074351 -0.997206 -0.006940 -0.002191 
-0.995943 -0.074613 0.050223 0.002884 
0.050646 -0.003211 0.998561 0.017340 
0.002157 -0.001915 -0.017478 0.999843 
Mean
0.359590 0.325473 -0.067754 3.885775 

Component 2
Covariance
0.002755 0.000759 -0.002169 -0.082277 
0.000759 0.000994 -0.000593 -0.034705 
-0.002169 -0.000593 0.302978 -0.174765 
-0.082277 -0.034705 -0.174765 16.572652 
Eigenvalues
0.000711 0.000000 0.000000 0.000000 
0.000000 0.002523 0.000000 0.000000 
0.000000 0.000000 0.301136 0.000000 
0.000000 0.000000 0.000000 16.575009 
Eigenvectors
0.338323 -0.941030 0.000415 -0.000287 
-0.940962 -0.338301 -0.010657 -0.005493 
-0.010223 -0.003238 0.999885 0.010681 
-0.004963 -0.002094 -0.010739 0.999928 
Mean
0.311922 0.326505 -0.019959 5.266914 

Component 3
Covariance
0.000100 -0.000071 -0.009052 0.043336 
-0.000071 0.000392 0.023021 0.010153 
-0.009052 0.023021 3.571424 -10.742251 
0.043336 0.010153 -10.742251 124.982821 
Eigenvalues
0.000068 0.000000 0.000000 0.000000 
0.000000 0.000182 0.000000 0.000000 
0.000000 0.000000 2.628523 0.000000 
0.000000 0.000000 0.000000 125.925965 
Eigenvectors
0.970820 0.239809 -0.000211 -0.000374 
0.239801 -0.970778 0.009242 0.000790 
-0.001989 0.009063 0.996125 0.087456 
0.000349 0.000064 -0.087460 0.996168 
Mean
0.221034 0.277274 -1.032701 4.085986 

Component 4
Covariance
0.017230 0.006246 0.000009 0.000711 
0.006246 0.005735 0.000001 0.000139 
0.000009 0.000001 0.000001 0.000016 
0.000711 0.000139 0.000016 0.006242 
Eigenvalues
0.000001 0.000000 0.000000 0.000000 
0.000000 0.002987 0.000000 0.000000 
0.000000 0.000000 0.006214 0.000000 
0.000000 0.000000 0.000000 0.020007 
Eigenvectors
0.000630 -0.000510 -0.999997 0.002441 
0.403183 -0.913800 0.000600 -0.049115 
0.027220 0.065620 -0.002451 -0.997470 
0.914714 0.400828 0.000497 0.051329 
Mean
0.336294 0.378339 -0.000120 0.362148 

Component 5
Covariance
0.205251 0.095658 0.066788 0.890034 
0.095658 0.205526 0.046543 0.158275 
0.066788 0.046543 0.083298 0.401203 
0.890034 0.158275 0.401203 10.828052 
Eigenvalues
0.053470 0.000000 0.000000 0.000000 
0.000000 0.078683 0.000000 0.000000 
0.000000 0.000000 0.270087 0.000000 
0.000000 0.000000 0.000000 10.919886 
Eigenvectors
0.323641 0.077495 -0.942973 0.007240 
0.777355 -0.586576 0.218103 -0.063867 
0.532985 0.806027 0.248658 -0.066463 
0.083084 0.015613 0.037444 0.995716 
Mean
1.179091 0.813931 -0.142635 -0.558843 

Component 6
Covariance
0.000488 0.000292 0.005112 0.004259 
0.000292 0.001469 -0.001927 -0.007924 
0.005112 -0.001927 0.433662 0.708844 
0.004259 -0.007924 0.708844 2.475713 
Eigenvalues
0.000334 0.000000 0.000000 0.000000 
0.000000 0.001524 0.000000 0.000000 
0.000000 0.000000 0.211789 0.000000 
0.000000 0.000000 0.000000 2.697686 
Eigenvectors
0.965264 -0.260783 -0.015922 0.002064 
-0.260711 -0.965389 0.005875 -0.004326 
0.017064 0.002537 0.954167 -0.298777 
0.002073 -0.003018 0.298793 0.954311 
Mean
0.234821 0.334350 -0.492047 9.373483 

Component 7
Covariance
0.000492 0.000176 -0.000900 0.003347 
0.000176 0.000932 -0.000228 -0.000321 
-0.000900 -0.000228 0.020973 0.003551 
0.003347 -0.000321 0.003551 0.451663 
Eigenvalues
0.000375 0.000000 0.000000 0.000000 
0.000000 0.000979 0.000000 0.000000 
0.000000 0.000000 0.020988 0.000000 
0.000000 0.000000 0.000000 0.451717 
Eigenvectors
-0.956240 0.289752 -0.039889 0.007612 
0.288967 0.957031 0.024242 -0.001655 
0.045260 0.011650 -0.998876 0.007893 
0.007401 -0.000714 0.008228 0.999939 
Mean
0.261286 0.307667 -0.088686 9.289253 

Component 8
Covariance
0.000758 0.000142 -0.021823 -0.074222 
0.000142 0.000776 -0.006737 -0.021237 
-0.021823 -0.006737 3.037193 6.172712 
-0.074222 -0.021237 6.172712 47.065616 
Eigenvalues
0.000541 0.000000 0.000000 0.000000 
0.000000 0.000794 0.000000 0.000000 
0.000000 0.000000 2.188228 0.000000 
0.000000 0.000000 0.000000 47.914780 
Eigenvectors
0.929128 -0.369732 0.004387 0.000723 
-0.369718 -0.929137 -0.003656 -0.000523 
-0.005259 -0.001729 0.990656 -0.136270 
-0.001597 -0.000458 0.136263 0.990671 
Mean
0.259991 0.309210 1.140850 8.463939 

Component 9
Covariance
0.013952 0.000294 -0.006056 -0.000061 
0.000294 0.000579 -0.011723 0.004427 
-0.006056 -0.011723 2.128003 -0.569021 
-0.000061 0.004427 -0.569021 10.000131 
Eigenvalues
0.000509 0.000000 0.000000 0.000000 
0.000000 0.013940 0.000000 0.000000 
0.000000 0.000000 2.087165 0.000000 
0.000000 0.000000 0.000000 10.041051 
Eigenvectors
-0.019447 0.999796 0.005418 -0.000134 
0.999807 0.019431 0.003017 0.000169 
-0.002916 -0.005452 0.997405 0.071726 
0.000037 0.000524 -0.071725 0.997424 
Mean
0.427933 0.323976 -0.142102 6.767780 

