Component 1
Covariance
0.000511 0.000162 -0.000804 0.002693 
0.000162 0.000978 -0.000388 -0.000108 
-0.000804 -0.000388 0.024606 0.007795 
0.002693 -0.000108 0.007795 0.488115 
Eigenvalues
0.000426 0.000000 0.000000 0.000000 
0.000000 0.001012 0.000000 0.000000 
0.000000 0.000000 0.024512 0.000000 
0.000000 0.000000 0.000000 0.488261 
Eigenvectors
-0.964198 0.263451 -0.029697 0.005857 
-0.262750 -0.964529 -0.025373 0.001644 
-0.035424 -0.016660 0.999096 -0.016597 
0.005492 -0.000233 0.016800 0.999844 
Mean
0.260376 0.308948 -0.093742 9.304290 

Component 2
Covariance
0.000842 0.000056 -0.007817 -0.072466 
0.000056 0.001061 -0.011813 -0.012471 
-0.007817 -0.011813 2.553927 4.544077 
-0.072466 -0.012471 4.544077 36.589253 
Eigenvalues
0.000693 0.000000 0.000000 0.000000 
0.000000 0.001009 0.000000 0.000000 
0.000000 0.000000 1.957743 0.000000 
0.000000 0.000000 0.000000 37.185639 
Eigenvectors
0.992847 -0.119373 -0.001207 0.002076 
0.119378 0.992836 0.005053 -0.000053 
0.000857 -0.005157 0.991488 -0.130095 
-0.001960 -0.000374 0.130097 0.991499 
Mean
0.258936 0.314947 0.758025 8.356374 

Component 3
Covariance
0.023279 0.000810 0.019765 -0.091584 
0.000810 0.001942 -0.008348 -0.064314 
0.019765 -0.008348 1.890352 -0.313510 
-0.091584 -0.064314 -0.313510 13.325153 
Eigenvalues
0.001569 0.000000 0.000000 0.000000 
0.000000 0.022492 0.000000 0.000000 
0.000000 0.000000 1.881978 0.000000 
0.000000 0.000000 0.000000 13.334687 
Eigenvectors
-0.021991 0.999732 0.005446 0.004803 
0.999691 0.022008 -0.009344 0.006769 
0.009275 -0.005372 0.999566 0.027429 
-0.006918 -0.004805 -0.027392 0.999589 
Mean
0.432069 0.337334 -0.293184 6.655955 

Component 4
Covariance
0.000099 -0.000068 -0.008018 0.037742 
-0.000068 0.000389 0.024415 0.008179 
-0.008018 0.024415 4.040839 -9.220620 
0.037742 0.008179 -9.220620 113.568544 
Eigenvalues
0.000071 0.000000 0.000000 0.000000 
0.000000 0.000206 0.000000 0.000000 
0.000000 0.000000 3.270222 0.000000 
0.000000 0.000000 0.000000 114.339372 
Eigenvectors
0.967943 0.251168 -0.000457 -0.000377 
0.251164 -0.967913 0.007752 0.000616 
-0.001482 0.007649 0.996494 0.083304 
0.000335 0.000053 -0.083306 0.996524 
Mean
0.220754 0.278095 -0.800206 4.423480 

Component 5
Covariance
0.016205 0.005733 0.000003 0.000678 
0.005733 0.005361 0.000001 0.000296 
0.000003 0.000001 0.000000 0.000006 
0.000678 0.000296 0.000006 0.004776 
Eigenvalues
0.000000 0.000000 0.000000 0.000000 
0.000000 0.002892 0.000000 0.000000 
0.000000 0.000000 0.004737 0.000000 
0.000000 0.000000 0.000000 0.018714 
Eigenvectors
0.000158 -0.000140 -0.999999 0.001294 
-0.395423 0.918497 -0.000194 -0.002084 
0.049539 0.019061 -0.001288 -0.998589 
0.917162 0.394969 0.000158 0.053039 
Mean
0.331180 0.374330 -0.000270 0.365573 

Component 6
Covariance
0.067838 0.037245 0.000004 0.001750 
0.037245 0.033175 -0.000002 0.000489 
0.000004 -0.000002 0.000004 0.000114 
0.001750 0.000489 0.000114 0.015277 
Eigenvalues
0.000003 0.000000 0.000000 0.000000 
0.000000 0.009379 0.000000 0.000000 
0.000000 0.000000 0.015285 0.000000 
0.000000 0.000000 0.000000 0.091626 
Eigenvectors
-0.000120 -0.000029 -0.999972 0.007500 
0.537062 -0.838757 -0.000713 -0.089722 
-0.029123 0.087867 -0.007467 -0.995678 
0.843040 0.537369 0.000054 0.022763 
Mean
0.399939 0.419890 0.000523 0.351218 

Component 7
Covariance
0.003970 0.000441 0.001334 -0.051713 
0.000441 0.000563 0.000109 -0.025657 
0.001334 0.000109 0.208662 -0.357514 
-0.051713 -0.025657 -0.357514 15.311646 
Eigenvalues
0.000481 0.000000 0.000000 0.000000 
0.000000 0.003833 0.000000 0.000000 
0.000000 0.000000 0.200205 0.000000 
0.000000 0.000000 0.000000 15.320322 
Eigenvectors
0.106401 -0.994319 -0.002505 -0.001365 
-0.994317 -0.106397 0.000371 -0.003529 
0.000556 -0.002492 0.999717 0.023649 
-0.003377 -0.001675 -0.023652 0.999713 
Mean
0.330376 0.325657 -0.071936 4.751459 

